0,0,0,10,60,012345
25,26,64,44,60,012345
37,42,102,75,60,012345
40,46,119,78,60,012345
39,46,135,88,60,012345
39,42,147,92,60,012345
37,37,156,99,60,012345
36,33,170,103,60,012345
35,30,182,107,60,012345
36,30,190,104,60,012345
36,29,186,110,60,012345
33,25,176,114,60,012345
31,22,184,116,60,012345
30,21,187,106,60,012345
28,19,173,109,60,012345
28,18,174,106,60,012345
28,17,181,105,60,012345
79,71,164,115,60,012345
91,101,125,93,60,012345
87,101,95,67,60,012345
75,90,72,42,60,012345
61,74,55,24,60,012345
47,58,42,13,60,012345
36,44,32,7,60,012345
27,33,24,5,60,012345
31,47,39,10,60,012345
28,51,43,9,60,012345
33,61,44,12,60,012345
35,69,54,18,60,012345
31,65,56,15,60,012345
50,97,95,41,60,012345
53,94,125,77,60,012345
50,87,117,67,60,012345
56,89,151,100,60,012345
54,82,146,103,60,012345
48,78,121,72,60,012345
39,64,97,45,60,012345
30,52,77,26,60,012345
23,39,59,14,60,012345
17,30,46,7,60,012345
13,22,36,5,60,012345
15,20,27,5,60,012345
15,16,21,5,60,012345
12,12,16,5,60,012345
9,9,12,5,60,012345
7,7,9,5,60,012345
5,5,7,5,60,012345
4,4,5,5,60,012345
3,3,4,5,60,012345
59,63,6,10,60,012345
77,94,7,15,60,012345
76,95,6,14,60,012345
67,86,6,9,60,012345
55,71,6,5,60,012345
43,56,5,5,60,012345
33,42,4,5,60,012345
24,32,3,5,60,012345
29,45,23,5,60,012345
27,49,31,5,60,012345
33,59,35,9,60,012345
35,68,47,15,60,012345
30,64,51,13,60,012345
50,96,92,39,60,012345
53,93,124,76,60,012345
50,86,116,66,60,012345
58,88,151,101,60,012345
55,82,145,103,60,012345
48,77,120,72,60,012345
39,64,97,45,60,012345
31,51,77,26,60,012345
23,39,59,14,60,012345
17,29,46,7,60,012345
13,22,35,5,60,012345
16,20,27,5,60,012345
15,16,21,5,60,012345
12,12,16,5,60,012345
9,9,12,5,60,012345
7,7,9,5,60,012345
5,5,7,5,60,012345
4,4,5,5,60,012345
3,3,4,5,60,012345
61,62,6,10,60,012345
78,95,7,15,60,012345
77,96,6,14,60,012345
68,86,6,9,60,012345
56,71,6,5,60,012345
43,56,4,5,60,012345
33,43,4,5,60,012345
25,32,3,5,60,012345
29,45,22,5,60,012345
27,49,31,5,60,012345
33,59,35,9,60,012345
35,67,47,15,60,012345
31,64,50,12,60,012345
51,94,91,37,60,012345
53,91,121,73,60,012345
50,85,113,63,60,012345
56,87,149,99,60,012345
54,82,144,101,60,012345
48,77,119,71,60,012345
40,63,96,44,60,012345
31,51,76,25,60,012345
23,39,58,14,60,012345
17,29,46,7,60,012345
13,22,35,5,60,012345
16,20,27,5,60,012345
15,16,21,5,60,012345
12,12,16,5,60,012345
9,9,12,5,60,012345
7,7,9,5,60,012345
5,5,7,5,60,012345
4,4,5,5,60,012345
3,3,4,5,60,012345
59,62,6,10,60,012345
76,94,7,15,60,012345
75,94,6,14,60,012345
67,84,6,9,60,012345
54,70,5,5,60,012345
42,55,4,5,60,012345
32,42,4,5,60,012345
24,31,3,5,60,012345
24,27,2,5,60,012345
21,22,2,5,60,012345
17,16,2,5,60,012345
13,12,1,5,60,012345
9,9,1,5,60,012345
7,7,1,5,60,012345
5,5,1,5,60,012345
9,4,0,5,60,012345
37,52,61,24,60,012345
49,75,75,46,60,012345
53,91,67,49,60,012345
51,97,57,45,60,012345
69,80,50,36,60,012345
67,68,45,29,60,012345
52,58,36,20,60,012345
47,53,29,17,60,012345
68,74,28,36,60,012345
84,81,22,44,60,012345
91,81,17,45,60,012345
91,83,13,42,60,012345
95,67,10,32,60,012345
94,62,15,28,60,012345
72,54,13,22,60,012345
56,46,10,20,60,012345
95,98,13,42,60,012345
101,130,12,52,60,012345
93,139,10,58,60,012345
85,121,8,43,60,012345
86,99,7,33,60,012345
67,86,12,25,60,012345
52,72,10,17,60,012345
39,60,8,16,60,012345
56,97,22,31,60,012345
58,113,27,38,60,012345
63,123,29,46,60,012345
58,120,39,48,60,012345
56,118,42,45,60,012345
70,149,81,72,60,012345
80,134,110,104,60,012345
83,116,102,86,60,012345
93,112,136,115,60,012345
89,127,131,125,60,012345
86,133,107,112,60,012345
105,121,86,94,60,012345
116,111,67,84,60,012345
115,102,52,72,60,012345
101,107,41,63,60,012345
78,87,32,44,60,012345
87,128,26,61,60,012345
79,138,20,73,60,012345
69,140,15,80,60,012345
60,139,12,83,60,012345
46,111,9,56,60,012345
61,130,10,62,60,012345
59,129,8,64,60,012345
55,132,6,70,60,012345
91,163,11,82,60,012345
99,174,10,81,60,012345
95,172,8,78,60,012345
89,164,7,70,60,012345
79,135,6,53,60,012345
80,131,10,51,60,012345
85,116,8,43,60,012345
91,95,7,38,60,012345
88,126,26,50,60,012345
80,131,30,55,60,012345
75,140,31,62,60,012345
66,126,41,55,60,012345
57,113,50,50,60,012345
71,147,86,81,60,012345
72,144,115,113,60,012345
71,135,109,96,60,012345
83,135,143,125,60,012345
104,133,138,130,60,012345
101,134,118,111,60,012345
89,131,97,91,60,012345
73,116,78,65,60,012345
57,98,66,45,60,012345
44,81,54,32,60,012345
38,76,41,33,60,012345
60,107,41,44,60,012345
79,124,34,49,60,012345
87,121,28,53,60,012345
73,114,23,46,60,012345
58,93,19,29,60,012345
45,80,18,20,60,012345
36,68,15,15,60,012345
37,58,12,15,60,012345
76,107,19,35,60,012345
88,130,17,43,60,012345
87,135,14,49,60,012345
82,135,12,52,60,012345
79,136,11,56,60,012345
73,142,14,65,60,012345
72,149,11,70,60,012345
70,152,9,69,60,012345
76,169,33,75,60,012345
74,158,39,71,60,012345
76,159,40,66,60,012345
66,139,49,58,60,012345
54,117,51,41,60,012345
85,145,84,68,60,012345
78,131,114,98,60,012345
76,113,105,80,60,012345
81,127,135,108,60,012345
76,137,131,118,60,012345
71,139,107,106,60,012345
69,133,85,91,60,012345
66,139,68,79,60,012345
69,155,57,79,60,012345
76,164,44,80,60,012345
75,163,34,78,60,012345
75,174,32,77,60,012345
67,162,25,77,60,012345
64,155,19,81,60,012345
56,145,14,71,60,012345
43,113,11,42,60,012345
53,134,12,54,60,012345
53,136,10,63,60,012345
53,133,8,69,60,012345
91,163,12,81,60,012345
103,172,11,76,60,012345
100,165,9,75,60,012345
94,159,7,69,60,012345
84,139,6,55,60,012345
80,141,13,55,60,012345
62,116,11,42,60,012345
56,97,10,31,60,012345
68,106,13,38,60,012345
75,99,11,40,60,012345
68,91,8,42,60,012345
65,89,8,49,60,012345
76,73,17,45,60,012345
68,83,20,47,60,012345
52,70,27,37,60,012345
59,98,37,47,60,012345
71,109,89,82,60,012345
76,116,112,102,60,012345
80,114,117,98,60,012345
88,111,122,101,60,012345
97,114,127,104,60,012345
97,115,131,108,60,012345
96,115,139,111,60,012345
85,110,148,114,60,012345
77,121,151,122,60,012345
69,123,145,128,60,012345
61,116,135,130,60,012345
47,92,138,114,60,012345
39,75,145,101,60,012345
33,67,139,99,60,012345
27,60,141,96,60,012345
26,75,145,102,60,012345
71,120,136,115,60,012345
82,134,103,106,60,012345
81,132,78,94,60,012345
74,127,59,90,60,012345
63,118,45,91,60,012345
55,114,38,97,60,012345
49,111,29,99,60,012345
44,103,22,93,60,012345
47,111,31,93,60,012345
44,115,33,97,60,012345
48,115,34,87,60,012345
49,120,40,94,60,012345
45,113,41,85,60,012345
62,140,78,104,60,012345
60,133,105,130,60,012345
58,133,97,115,60,012345
63,132,129,139,60,012345
59,131,126,141,60,012345
52,127,103,120,60,012345
44,120,82,104,60,012345
36,113,64,97,60,012345
29,108,50,89,60,012345
24,102,39,80,60,012345
19,88,30,55,60,012345
38,99,25,53,60,012345
64,105,20,54,60,012345
71,101,23,49,60,012345
54,84,18,35,60,012345
68,92,30,47,60,012345
84,111,25,57,60,012345
75,114,19,63,60,012345
65,109,14,69,60,012345
103,146,17,82,60,012345
113,161,14,82,60,012345
107,163,12,82,60,012345
96,158,10,75,60,012345
78,130,8,53,60,012345
89,133,11,56,60,012345
71,112,11,44,60,012345
56,93,8,33,60,012345
67,116,24,46,60,012345
74,115,29,49,60,012345
89,117,31,54,60,012345
88,117,41,58,60,012345
84,102,48,49,60,012345
95,129,85,77,60,012345
85,115,119,108,60,012345
74,101,113,88,60,012345
79,115,144,119,60,012345
85,122,139,126,60,012345
82,124,120,111,60,012345
85,124,99,94,60,012345
95,128,79,84,60,012345
91,132,65,80,60,012345
82,131,52,74,60,012345
75,133,40,70,60,012345
74,140,39,71,60,012345
66,130,32,69,60,012345
58,124,26,70,60,012345
46,103,22,50,60,012345
37,81,18,28,60,012345
29,70,17,20,60,012345
22,60,15,14,60,012345
16,50,12,14,60,012345
63,101,19,32,60,012345
79,119,17,37,60,012345
79,119,14,44,60,012345
71,119,12,56,60,012345
61,113,10,60,60,012345
53,114,13,66,60,012345
45,114,11,79,60,012345
39,114,9,92,60,012345
41,114,30,96,60,012345
38,112,35,91,60,012345
42,113,37,81,60,012345
44,117,44,85,60,012345
43,115,45,91,60,012345
59,136,81,111,60,012345
59,129,109,137,60,012345
55,123,100,121,60,012345
57,124,130,141,60,012345
55,121,126,136,60,012345
48,113,103,109,60,012345
41,108,83,99,60,012345
35,101,65,96,60,012345
30,102,54,96,60,012345
25,104,42,102,60,012345
22,105,32,99,60,012345
23,99,31,81,60,012345
21,87,24,55,60,012345
18,73,18,36,60,012345
14,60,14,23,60,012345
11,51,11,15,60,012345
8,56,12,18,60,012345
6,55,10,19,60,012345
5,55,8,22,60,012345
59,96,12,36,60,012345
75,115,11,34,60,012345
74,108,9,26,60,012345
65,94,8,17,60,012345
53,78,7,9,60,012345
42,71,15,12,60,012345
32,63,12,12,60,012345
25,55,10,10,60,012345
24,51,14,10,60,012345
22,44,12,7,60,012345
18,36,9,5,60,012345
14,28,8,5,60,012345
16,22,6,5,60,012345
32,25,9,5,60,012345
43,27,7,5,60,012345
52,59,13,14,60,012345
60,82,72,49,60,012345
62,87,100,73,60,012345
52,78,110,68,60,012345
42,66,120,71,60,012345
56,62,129,76,60,012345
47,67,136,89,60,012345
36,55,149,92,60,012345
29,45,161,94,60,012345
49,75,161,109,60,012345
72,83,153,118,60,012345
86,83,141,122,60,012345
80,76,142,115,60,012345
65,62,147,101,60,012345
51,55,140,98,60,012345
67,50,139,96,60,012345
73,44,141,95,60,012345
106,97,133,114,60,012345
110,133,102,105,60,012345
105,139,77,86,60,012345
87,117,59,55,60,012345
71,97,45,37,60,012345
70,112,39,47,60,012345
61,105,30,49,60,012345
50,88,23,43,60,012345
54,115,32,58,60,012345
48,120,33,62,60,012345
52,127,34,62,60,012345
48,116,44,53,60,012345
47,100,47,40,60,012345
69,124,82,64,60,012345
66,113,112,96,60,012345
62,100,104,78,60,012345
75,120,131,110,60,012345
71,130,127,119,60,012345
62,127,104,97,60,012345
53,115,84,78,60,012345
55,129,66,76,60,012345
54,133,51,73,60,012345
42,114,40,59,60,012345
36,121,31,59,60,012345
41,138,25,71,60,012345
55,153,19,72,60,012345
43,125,15,55,60,012345
33,101,11,38,60,012345
62,101,9,44,60,012345
58,91,10,39,60,012345
45,74,7,25,60,012345
41,62,6,23,60,012345
80,110,11,43,60,012345
96,135,10,49,60,012345
93,133,9,48,60,012345
79,115,8,33,60,012345
64,94,7,22,60,012345
80,111,10,35,60,012345
85,109,8,44,60,012345
71,104,7,47,60,012345
74,127,23,58,60,012345
67,132,27,58,60,012345
69,141,30,54,60,012345
61,126,42,48,60,012345
50,107,46,35,60,012345
67,130,85,61,60,012345
66,123,115,95,60,012345
59,107,117,85,60,012345
77,115,152,113,60,012345
98,107,145,121,60,012345
100,98,124,98,60,012345
81,86,103,73,60,012345
64,74,82,56,60,012345
52,68,70,43,60,012345
41,60,56,33,60,012345
59,109,45,46,60,012345
71,132,43,55,60,012345
82,142,36,58,60,012345
70,136,30,57,60,012345
59,116,24,48,60,012345
65,113,20,50,60,012345
68,125,18,57,60,012345
65,131,15,64,60,012345
57,125,11,69,60,012345
94,156,19,80,60,012345
97,168,17,79,60,012345
93,163,14,67,60,012345
81,141,13,47,60,012345
68,121,11,36,60,012345
55,108,14,30,60,012345
45,93,12,23,60,012345
86,120,10,34,60,012345
84,129,34,50,60,012345
74,126,39,51,60,012345
67,114,41,42,60,012345
60,107,50,41,60,012345
62,112,52,39,60,012345
83,131,91,66,60,012345
87,117,118,98,60,012345
87,103,109,82,60,012345
91,123,136,110,60,012345
89,127,131,116,60,012345
86,130,107,102,60,012345
88,131,86,90,60,012345
85,139,68,85,60,012345
76,145,57,80,60,012345
70,148,44,70,60,012345
82,148,34,65,60,012345
90,154,33,67,60,012345
88,150,26,67,60,012345
76,144,19,66,60,012345
62,120,15,48,60,012345
52,105,11,45,60,012345
62,124,12,55,60,012345
52,117,10,54,60,012345
54,116,8,58,60,012345
92,150,11,70,60,012345
97,168,10,71,60,012345
94,169,8,64,60,012345
90,140,7,45,60,012345
72,112,6,26,60,012345
75,121,13,36,60,012345
67,114,10,37,60,012345
58,107,8,35,60,012345
57,130,13,46,60,012345
52,128,11,53,60,012345
43,119,8,50,60,012345
36,98,9,37,60,012345
39,88,20,40,60,012345
48,110,20,47,60,012345
48,108,17,41,60,012345
60,90,13,37,60,012345
74,90,73,71,60,012345
82,96,101,94,60,012345
95,88,108,93,60,012345
102,79,116,97,60,012345
105,71,123,99,60,012345
115,67,130,103,60,012345
123,64,140,105,60,012345
127,63,150,111,60,012345
114,89,152,122,60,012345
102,97,146,127,60,012345
86,98,136,130,60,012345
75,97,137,129,60,012345
57,77,141,110,60,012345
46,67,134,104,60,012345
37,59,135,98,60,012345
28,50,140,96,60,012345
72,101,136,108,60,012345
84,128,104,101,60,012345
81,128,79,91,60,012345
74,121,59,85,60,012345
63,115,45,87,60,012345
54,112,39,93,60,012345
45,107,30,89,60,012345
39,103,22,92,60,012345
42,110,31,91,60,012345
40,109,33,80,60,012345
44,114,33,85,60,012345
45,114,41,82,60,012345
40,115,42,88,60,012345
56,135,78,107,60,012345
56,131,106,135,60,012345
52,127,97,120,60,012345
56,126,129,141,60,012345
55,127,125,142,60,012345
49,125,103,121,60,012345
41,117,81,108,60,012345
33,109,64,96,60,012345
27,106,50,94,60,012345
22,95,39,75,60,012345
22,87,30,53,60,012345
31,91,25,50,60,012345
41,90,20,48,60,012345
45,84,19,41,60,012345
40,74,14,30,60,012345
56,86,30,41,60,012345
81,104,25,54,60,012345
69,99,19,48,60,012345
64,98,15,49,60,012345
97,137,17,66,60,012345
102,160,14,69,60,012345
94,161,11,63,60,012345
93,135,9,46,60,012345
75,110,8,31,60,012345
81,118,11,34,60,012345
74,119,9,45,60,012345
68,125,7,56,60,012345
67,145,26,66,60,012345
59,145,29,69,60,012345
57,143,32,65,60,012345
54,132,44,60,60,012345
54,121,55,58,60,012345
72,150,91,85,60,012345
72,138,120,114,60,012345
79,117,109,93,60,012345
86,107,146,120,60,012345
94,114,143,125,60,012345
100,107,122,110,60,012345
119,94,100,97,60,012345
136,88,80,90,60,012345
153,84,66,82,60,012345
157,80,53,81,60,012345
148,97,41,86,60,012345
127,118,40,83,60,012345
108,113,33,80,60,012345
89,110,27,82,60,012345
77,108,22,72,60,012345
60,84,18,41,60,012345
51,72,17,28,60,012345
40,61,16,20,60,012345
32,62,17,24,60,012345
77,110,23,42,60,012345
87,128,19,51,60,012345
83,125,16,55,60,012345
74,121,14,61,60,012345
63,117,11,76,60,012345
53,116,13,82,60,012345
45,112,11,82,60,012345
39,108,9,87,60,012345
43,115,28,96,60,012345
42,112,34,89,60,012345
46,116,35,88,60,012345
46,118,43,87,60,012345
44,119,45,94,60,012345
59,135,81,113,60,012345
59,130,108,139,60,012345
57,130,99,126,60,012345
61,126,131,144,60,012345
58,122,127,143,60,012345
54,118,104,124,60,012345
46,110,83,109,60,012345
40,100,65,96,60,012345
35,104,54,96,60,012345
30,103,42,88,60,012345
24,96,32,67,60,012345
24,88,31,50,60,012345
22,75,25,33,60,012345
18,64,19,22,60,012345
14,54,15,13,60,012345
11,45,11,9,60,012345
9,51,13,13,60,012345
6,52,11,16,60,012345
5,50,8,19,60,012345
58,93,12,33,60,012345
75,114,12,33,60,012345
75,108,10,25,60,012345
66,97,8,17,60,012345
53,79,7,9,60,012345
42,74,14,12,60,012345
32,65,12,13,60,012345
27,57,10,11,60,012345
29,54,14,11,60,012345
30,49,13,7,60,012345
24,38,10,5,60,012345
46,93,10,17,60,012345
38,87,9,21,60,012345
42,103,11,28,60,012345
44,86,14,24,60,012345
33,72,16,23,60,012345
46,103,76,60,60,012345
52,111,95,81,60,012345
47,104,95,72,60,012345
38,86,100,65,60,012345
30,71,104,59,60,012345
60,68,112,66,60,012345
84,75,116,77,60,012345
76,83,122,78,60,012345
73,80,129,75,60,012345
62,80,124,81,60,012345
49,66,117,77,60,012345
44,67,121,78,60,012345
38,69,123,78,60,012345
42,94,114,86,60,012345
56,106,110,87,60,012345
60,92,111,87,60,012345
102,129,106,98,60,012345
105,140,81,83,60,012345
97,131,62,68,60,012345
87,119,47,57,60,012345
84,111,36,53,60,012345
89,111,33,53,60,012345
111,92,31,44,60,012345
116,81,24,39,60,012345
114,107,32,46,60,012345
91,96,34,34,60,012345
88,123,35,38,60,012345
81,126,44,48,60,012345
74,133,45,57,60,012345
81,160,81,84,60,012345
87,139,110,113,60,012345
93,119,102,95,60,012345
89,145,132,123,60,012345
79,145,128,128,60,012345
66,125,105,91,60,012345
52,102,85,59,60,012345
40,83,67,38,60,012345
64,83,54,40,60,012345
82,89,42,49,60,012345
74,92,33,48,60,012345
71,96,27,49,60,012345
67,98,21,60,60,012345
58,92,17,62,60,012345
62,101,13,59,60,012345
51,86,15,50,60,012345
51,102,14,51,60,012345
46,93,11,48,60,012345
54,128,11,61,60,012345
94,159,14,75,60,012345
99,177,12,70,60,012345
99,156,11,58,60,012345
94,131,9,46,60,012345
93,108,8,37,60,012345
86,114,11,39,60,012345
90,104,16,42,60,012345
79,101,25,46,60,012345
79,126,36,58,60,012345
71,137,37,57,60,012345
67,148,37,56,60,012345
62,135,44,51,60,012345
59,139,45,53,60,012345
71,159,82,79,60,012345
66,139,113,111,60,012345
59,120,104,87,60,012345
70,137,140,120,60,012345
71,136,135,125,60,012345
64,129,115,103,60,012345
56,118,95,86,60,012345
46,107,75,74,60,012345
47,119,62,72,60,012345
55,123,49,69,60,012345
53,124,38,60,60,012345
54,116,38,57,60,012345
63,104,31,49,60,012345
62,81,26,32,60,012345
71,102,22,36,60,012345
58,87,18,26,60,012345
68,106,17,33,60,012345
53,89,16,26,60,012345
47,74,13,23,60,012345
94,105,18,39,60,012345
103,123,17,41,60,012345
95,118,14,39,60,012345
86,116,12,44,60,012345
74,104,10,34,60,012345
94,117,13,43,60,012345
83,108,11,37,60,012345
76,108,9,40,60,012345
75,112,34,46,60,012345
61,96,42,36,60,012345
81,111,44,41,60,012345
72,110,51,46,60,012345
63,105,50,51,60,012345
85,126,84,76,60,012345
76,112,112,103,60,012345
78,100,103,84,60,012345
79,104,134,109,60,012345
69,95,131,107,60,012345
70,98,108,87,60,012345
63,91,86,74,60,012345
54,87,68,75,60,012345
70,88,56,84,60,012345
99,78,47,75,60,012345
125,71,36,67,60,012345
108,77,34,55,60,012345
88,66,27,34,60,012345
90,92,21,36,60,012345
75,89,16,41,60,012345
62,87,12,56,60,012345
80,81,13,54,60,012345
61,73,13,44,60,012345
48,64,11,39,60,012345
99,100,14,55,60,012345
104,120,12,54,60,012345
101,133,10,57,60,012345
87,122,9,49,60,012345
75,113,7,54,60,012345
85,108,13,55,60,012345
87,89,12,47,60,012345
90,79,10,41,60,012345
107,85,13,47,60,012345
88,80,11,47,60,012345
86,96,9,52,60,012345
69,86,7,41,60,012345
58,78,6,30,60,012345
52,84,9,34,60,012345
46,83,11,32,60,012345
51,89,18,35,60,012345
60,112,71,72,60,012345
62,121,92,91,60,012345
61,128,93,89,60,012345
60,127,96,88,60,012345
56,135,97,88,60,012345
51,125,102,88,60,012345
59,130,107,95,60,012345
56,113,116,91,60,012345
57,107,125,91,60,012345
71,103,122,91,60,012345
67,91,115,86,60,012345
58,75,119,79,60,012345
55,84,121,82,60,012345
51,87,113,85,60,012345
50,99,109,87,60,012345
38,78,112,79,60,012345
82,117,111,90,60,012345
101,137,85,82,60,012345
114,133,65,73,60,012345
111,124,49,65,60,012345
101,114,40,59,60,012345
88,107,36,52,60,012345
71,99,32,53,60,012345
86,88,31,50,60,012345
97,107,37,57,60,012345
79,96,39,42,60,012345
80,114,39,44,60,012345
73,116,46,49,60,012345
67,115,46,51,60,012345
77,142,80,75,60,012345
72,131,110,106,60,012345
71,119,105,96,60,012345
78,131,133,122,60,012345
76,125,130,122,60,012345
78,109,107,94,60,012345
81,90,86,70,60,012345
85,74,68,53,60,012345
92,93,53,57,60,012345
78,83,47,49,60,012345
111,69,42,42,60,012345
109,77,34,42,60,012345
126,87,27,46,60,012345
99,75,22,39,60,012345
93,91,20,45,60,012345
83,83,15,44,60,012345
91,98,14,42,60,012345
69,80,21,34,60,012345
63,74,29,39,60,012345
99,116,27,53,60,012345
114,132,22,57,60,012345
122,125,18,53,60,012345
108,114,15,45,60,012345
95,105,12,44,60,012345
97,90,19,39,60,012345
105,76,15,33,60,012345
88,69,13,28,60,012345
115,81,27,39,60,012345
92,77,32,31,60,012345
92,104,34,39,60,012345
82,106,42,43,60,012345
77,109,44,45,60,012345
84,139,82,74,60,012345
77,130,112,106,60,012345
73,117,113,96,60,012345
79,134,141,122,60,012345
88,145,136,125,60,012345
88,120,117,95,60,012345
88,98,98,72,60,012345
85,79,79,52,60,012345
81,78,67,48,60,012345
80,93,53,52,60,012345
66,89,41,57,60,012345
79,91,40,47,60,012345
100,93,34,41,60,012345
79,73,29,26,60,012345
82,90,25,30,60,012345
73,86,20,36,60,012345
68,96,18,43,60,012345
54,85,15,36,60,012345
41,70,32,41,60,012345
79,116,34,59,60,012345
95,140,28,58,60,012345
109,138,23,55,60,012345
116,130,19,55,60,012345
110,119,15,56,60,012345
94,113,16,60,60,012345
92,92,17,50,60,012345
93,80,13,45,60,012345
111,88,33,55,60,012345
105,83,38,50,60,012345
111,91,38,56,60,012345
95,99,45,57,60,012345
81,100,45,62,60,012345
86,127,81,87,60,012345
79,114,113,116,60,012345
102,126,106,106,60,012345
105,119,138,130,60,012345
103,117,132,127,60,012345
87,110,109,101,60,012345
73,103,87,86,60,012345
75,107,69,73,60,012345
92,97,57,73,60,012345
105,84,44,70,60,012345
116,79,34,72,60,012345
115,79,31,66,60,012345
94,67,27,42,60,012345
107,73,21,44,60,012345
108,82,16,51,60,012345
88,73,13,40,60,012345
101,92,14,51,60,012345
86,89,11,47,60,012345
66,75,9,39,60,012345
105,113,9,51,60,012345
110,130,10,47,60,012345
102,121,9,36,60,012345
86,105,9,23,60,012345
71,87,10,13,60,012345
58,71,12,7,60,012345
49,60,13,5,60,012345
45,55,16,5,60,012345
45,53,22,5,60,012345
49,54,35,6,60,012345
56,59,45,9,60,012345
64,69,66,18,60,012345
74,79,100,37,60,012345
90,84,119,53,60,012345
101,86,142,73,60,012345
110,87,157,87,60,012345
86,68,181,122,60,012345
68,51,176,127,60,012345
54,38,159,98,60,012345
44,29,147,83,60,012345
37,22,143,76,60,012345
31,17,143,74,60,012345
27,13,147,72,60,012345
24,10,152,72,60,012345
21,8,157,70,60,012345
19,7,154,74,60,012345
18,8,143,76,60,012345
17,10,145,75,60,012345
17,18,146,66,60,012345
22,28,143,71,60,012345
35,50,148,72,60,012345
62,85,146,80,60,012345
110,127,151,100,60,012345
134,155,146,112,60,012345
151,165,134,114,60,012345
158,170,131,120,60,012345
166,174,135,128,60,012345
167,176,133,131,60,012345
165,178,129,136,60,012345
167,178,127,138,60,012345
175,179,130,141,60,012345
170,180,130,137,60,012345
172,177,128,134,60,012345
175,176,126,131,60,012345
177,176,122,133,60,012345
176,183,143,149,60,012345
164,161,157,166,60,012345
150,155,148,138,60,012345
147,151,175,159,60,012345
147,157,164,161,60,012345
145,169,156,150,60,012345
133,154,142,134,60,012345
116,140,121,107,60,012345
126,145,113,108,60,012345
139,131,106,103,60,012345
152,127,102,106,60,012345
163,139,99,109,60,012345
152,143,98,110,60,012345
140,147,98,109,60,012345
128,139,99,101,60,012345
112,123,99,93,60,012345
108,113,103,89,60,012345
110,113,103,90,60,012345
90,100,106,88,60,012345
131,138,113,104,60,012345
146,164,112,110,60,012345
154,169,104,105,60,012345
141,155,98,94,60,012345
126,138,99,88,60,012345
140,144,96,95,60,012345
152,133,92,99,60,012345
161,129,88,102,60,012345
170,135,97,105,60,012345
160,144,96,102,60,012345
140,142,96,99,60,012345
121,131,97,88,60,012345
100,116,96,81,60,012345
124,138,121,105,60,012345
124,134,141,134,60,012345
123,143,127,123,60,012345
128,134,159,152,60,012345
138,129,158,153,60,012345
147,131,145,136,60,012345
158,131,136,145,60,012345
162,131,120,130,60,012345
159,127,117,123,60,012345
148,129,117,124,60,012345
132,123,119,121,60,012345
143,128,123,123,60,012345
140,140,121,123,60,012345
137,145,117,126,60,012345
134,149,114,126,60,012345
119,136,115,120,60,012345
101,125,115,112,60,012345
84,111,115,101,60,012345
70,95,116,100,60,012345
115,129,123,115,60,012345
127,143,120,106,60,012345
124,134,118,97,60,012345
114,126,118,90,60,012345
99,111,116,83,60,012345
83,101,113,80,60,012345
67,89,114,80,60,012345
53,78,117,81,60,012345
74,79,131,87,60,012345
67,72,131,80,60,012345
62,73,130,78,60,012345
55,72,131,75,60,012345
52,70,127,76,60,012345
82,108,149,96,60,012345
93,116,160,125,60,012345
99,129,143,117,60,012345
106,124,171,145,60,012345
117,120,172,159,60,012345
133,116,160,149,60,012345
148,114,145,137,60,012345
155,109,134,126,60,012345
156,108,129,120,60,012345
154,123,124,125,60,012345
133,120,121,120,60,012345
139,134,120,120,60,012345
133,147,116,130,60,012345
134,148,116,129,60,012345
129,156,113,134,60,012345
118,145,113,121,60,012345
98,139,114,115,60,012345
82,125,114,110,60,012345
97,112,114,111,60,012345
136,141,106,116,60,012345
147,152,107,110,60,012345
143,146,109,104,60,012345
134,143,113,101,60,012345
127,132,119,98,60,012345
117,128,122,97,60,012345
109,120,131,98,60,012345
107,113,129,94,60,012345
127,109,129,94,60,012345
121,105,127,91,60,012345
114,105,131,89,60,012345
110,103,125,89,60,012345
103,103,126,88,60,012345
102,101,125,87,60,012345
98,101,122,87,60,012345
97,103,123,87,60,012345
100,105,156,122,60,012345
97,101,160,134,60,012345
95,96,154,119,60,012345
97,88,154,112,60,012345
98,80,145,104,60,012345
99,76,147,99,60,012345
99,74,143,93,60,012345
100,69,152,103,60,012345
117,82,154,110,60,012345
117,82,143,104,60,012345
114,81,138,91,60,012345
112,79,131,84,60,012345
109,71,127,81,60,012345
101,74,130,86,60,012345
99,77,134,95,60,012345
102,88,139,106,60,012345
140,129,133,115,60,012345
162,158,129,120,60,012345
162,164,117,115,60,012345
158,175,112,118,60,012345
151,179,112,122,60,012345
149,179,112,119,60,012345
144,174,108,120,60,012345
142,178,106,124,60,012345
152,180,110,126,60,012345
156,178,108,121,60,012345
161,180,107,120,60,012345
163,180,104,119,60,012345
166,174,103,115,60,012345
168,182,126,135,60,012345
158,163,145,157,60,012345
147,156,135,132,60,012345
139,157,165,154,60,012345
138,159,159,157,60,012345
130,161,149,137,60,012345
119,142,134,120,60,012345
98,123,113,90,60,012345
118,131,102,90,60,012345
122,127,93,87,60,012345
105,112,89,75,60,012345
135,134,87,88,60,012345
134,144,83,93,60,012345
125,157,81,100,60,012345
110,147,80,90,60,012345
99,126,81,80,60,012345
120,132,79,81,60,012345
97,115,79,72,60,012345
77,99,81,68,60,012345
121,138,88,87,60,012345
143,162,91,96,60,012345
150,166,84,91,60,012345
135,151,81,79,60,012345
120,134,82,72,60,012345
139,136,80,82,60,012345
156,135,75,89,60,012345
163,129,72,88,60,012345
170,135,81,91,60,012345
154,143,82,84,60,012345
134,138,85,78,60,012345
112,129,85,69,60,012345
92,108,84,59,60,012345
111,134,116,86,60,012345
114,133,136,116,60,012345
121,141,121,117,60,012345
126,136,155,147,60,012345
138,131,153,150,60,012345
148,128,141,131,60,012345
158,125,134,132,60,012345
163,124,120,120,60,012345
162,122,115,113,60,012345
149,127,114,115,60,012345
133,122,117,110,60,012345
143,145,121,116,60,012345
135,163,119,120,60,012345
134,171,115,125,60,012345
132,167,114,125,60,012345
119,156,113,116,60,012345
98,136,113,106,60,012345
82,116,113,96,60,012345
66,99,114,95,60,012345
111,130,122,110,60,012345
122,142,117,102,60,012345
120,134,115,94,60,012345
111,124,114,87,60,012345
96,107,114,80,60,012345
81,98,111,77,60,012345
66,86,112,78,60,012345
52,77,115,80,60,012345
74,82,124,84,60,012345
68,76,123,78,60,012345
63,76,122,75,60,012345
55,75,125,73,60,012345
83,95,123,82,60,012345
101,123,146,99,60,012345
107,130,156,125,60,012345
109,133,138,113,60,012345
120,135,167,144,60,012345
134,129,168,156,60,012345
150,129,157,148,60,012345
159,130,141,143,60,012345
169,126,131,127,60,012345
168,130,126,124,60,012345
152,131,122,121,60,012345
142,141,120,119,60,012345
146,151,120,122,60,012345
143,158,115,128,60,012345
138,155,113,126,60,012345
136,159,111,133,60,012345
123,154,110,125,60,012345
111,142,111,115,60,012345
105,132,111,110,60,012345
119,133,111,112,60,012345
153,156,101,116,60,012345
160,161,104,109,60,012345
151,149,105,101,60,012345
138,138,106,93,60,012345
118,120,112,86,60,012345
98,109,112,83,60,012345
78,95,112,82,60,012345
62,82,112,81,60,012345
87,84,109,81,60,012345
79,77,110,78,60,012345
67,67,110,76,60,012345
54,60,115,77,60,012345
44,55,115,76,60,012345
36,54,116,74,60,012345
28,51,112,75,60,012345
38,61,111,80,60,012345
66,84,147,116,60,012345
86,115,146,129,60,012345
99,140,148,130,60,012345
111,165,142,135,60,012345
122,177,123,125,60,012345
127,182,135,133,60,012345
135,184,132,135,60,012345
141,193,129,141,60,012345
153,200,129,139,60,012345
152,200,129,136,60,012345
152,199,127,136,60,012345
154,195,126,136,60,012345
158,188,124,135,60,012345
163,192,133,141,60,012345
168,185,128,141,60,012345
173,176,129,139,60,012345
193,194,128,144,60,012345
192,193,131,141,60,012345
187,176,128,129,60,012345
178,166,121,121,60,012345
176,156,118,118,60,012345
169,150,118,116,60,012345
159,143,119,117,60,012345
155,140,116,117,60,012345
161,144,117,119,60,012345
143,141,118,112,60,012345
126,135,118,103,60,012345
109,135,120,95,60,012345
107,135,124,92,60,012345
119,155,142,112,60,012345
122,158,155,140,60,012345
129,161,143,125,60,012345
131,156,171,151,60,012345
123,155,165,154,60,012345
114,157,158,141,60,012345
96,139,141,121,60,012345
83,133,118,95,60,012345
92,158,107,94,60,012345
82,152,102,86,60,012345
72,147,103,84,60,012345
95,170,101,98,60,012345
95,175,103,104,60,012345
90,172,103,109,60,012345
83,173,100,107,60,012345
76,171,100,101,60,012345
88,167,99,93,60,012345
101,152,98,88,60,012345
97,139,96,83,60,012345
136,166,103,99,60,012345
144,180,102,100,60,012345
142,183,95,93,60,012345
136,184,91,91,60,012345
132,188,90,91,60,012345
117,193,101,104,60,012345
104,184,95,102,60,012345
103,181,97,105,60,012345
125,190,103,113,60,012345
119,186,101,111,60,012345
109,175,103,103,60,012345
90,156,102,86,60,012345
85,156,100,81,60,012345
91,168,130,104,60,012345
84,156,146,130,60,012345
79,161,132,118,60,012345
82,162,163,149,60,012345
90,160,162,150,60,012345
100,167,147,140,60,012345
106,172,141,141,60,012345
112,178,133,133,60,012345
120,179,145,137,60,012345
122,185,151,150,60,012345
128,188,143,155,60,012345
143,186,141,155,60,012345
148,179,137,147,60,012345
149,179,131,145,60,012345
154,175,124,142,60,012345
165,163,125,136,60,012345
176,164,138,145,60,012345
182,159,145,145,60,012345
184,154,145,148,60,012345
202,167,143,146,60,012345
206,169,129,133,60,012345
200,158,123,124,60,012345
189,154,122,116,60,012345
181,147,123,114,60,012345
174,147,128,114,60,012345
152,143,131,113,60,012345
144,147,130,115,60,012345
153,143,139,117,60,012345
153,135,138,112,60,012345
137,134,140,108,60,012345
114,126,145,103,60,012345
120,152,141,107,60,012345
121,173,163,123,60,012345
113,171,170,149,60,012345
104,168,155,134,60,012345
102,160,180,161,60,012345
97,160,180,168,60,012345
96,165,165,147,60,012345
85,146,159,133,60,012345
77,136,148,116,60,012345
82,163,139,120,60,012345
80,171,132,122,60,012345
77,154,129,113,60,012345
102,172,125,116,60,012345
100,168,122,121,60,012345
98,167,121,121,60,012345
84,146,123,111,60,012345
73,135,131,108,60,012345
83,162,131,114,60,012345
87,166,133,114,60,012345
95,152,134,113,60,012345
135,174,127,118,60,012345
147,189,122,118,60,012345
144,189,121,117,60,012345
140,191,118,117,60,012345
126,176,118,108,60,012345
129,183,115,114,60,012345
117,162,115,106,60,012345
122,154,120,100,60,012345
146,164,122,110,60,012345
143,169,124,119,60,012345
137,181,128,122,60,012345
126,176,124,115,60,012345
116,158,134,113,60,012345
118,176,139,113,60,012345
112,175,133,111,60,012345
105,162,130,106,60,012345
84,129,161,138,60,012345
67,102,161,139,60,012345
55,81,150,109,60,012345
45,67,143,94,60,012345
38,55,142,87,60,012345
32,46,145,85,60,012345
28,38,151,84,60,012345
25,32,158,83,60,012345
23,27,163,80,60,012345
21,24,161,85,60,012345
20,21,151,87,60,012345
19,21,152,85,60,012345
19,25,156,76,60,012345
23,34,153,81,60,012345
33,55,156,82,60,012345
64,100,150,91,60,012345
111,136,155,109,60,012345
132,163,149,121,60,012345
148,170,136,120,60,012345
153,179,130,125,60,012345
158,179,131,131,60,012345
158,182,129,133,60,012345
156,175,126,132,60,012345
157,172,124,134,60,012345
165,175,124,132,60,012345
163,176,121,129,60,012345
163,171,120,128,60,012345
162,174,121,125,60,012345
165,173,116,125,60,012345
166,183,139,143,60,012345
159,167,152,163,60,012345
147,159,146,137,60,012345
148,153,173,160,60,012345
146,156,166,160,60,012345
139,164,158,145,60,012345
126,149,144,130,60,012345
108,135,121,105,60,012345
123,145,111,104,60,012345
136,135,104,101,60,012345
147,130,100,103,60,012345
159,143,97,108,60,012345
149,150,95,111,60,012345
138,155,96,112,60,012345
125,140,95,102,60,012345
108,122,97,94,60,012345
109,122,101,89,60,012345
110,120,102,89,60,012345
90,107,105,87,60,012345
131,144,110,102,60,012345
152,163,110,108,60,012345
155,170,101,104,60,012345
144,158,96,94,60,012345
126,143,95,87,60,012345
137,149,109,101,60,012345
147,138,100,105,60,012345
158,130,99,109,60,012345
166,138,104,107,60,012345
155,150,101,105,60,012345
139,149,98,100,60,012345
119,135,98,87,60,012345
98,120,96,78,60,012345
119,139,120,100,60,012345
124,134,139,129,60,012345
124,140,126,118,60,012345
128,131,158,148,60,012345
138,126,156,149,60,012345
151,129,144,134,60,012345
162,130,135,141,60,012345
166,127,120,127,60,012345
165,134,132,131,60,012345
152,130,141,138,60,012345
136,129,140,135,60,012345
147,138,140,135,60,012345
143,148,129,129,60,012345
137,154,124,127,60,012345
133,157,122,126,60,012345
120,144,118,118,60,012345
115,136,141,126,60,012345
94,118,135,116,60,012345
80,103,132,112,60,012345
122,134,134,121,60,012345
140,146,125,111,60,012345
135,137,121,100,60,012345
125,130,118,92,60,012345
109,116,116,84,60,012345
100,115,113,80,60,012345
82,102,113,79,60,012345
80,96,113,79,60,012345
99,98,126,85,60,012345
90,88,125,78,60,012345
79,85,122,74,60,012345
68,84,124,73,60,012345
63,84,121,74,60,012345
90,120,142,93,60,012345
101,128,154,121,60,012345
108,140,137,115,60,012345
112,131,167,143,60,012345
126,126,170,159,60,012345
138,122,158,149,60,012345
151,119,143,136,60,012345
157,117,133,124,60,012345
160,116,128,117,60,012345
157,125,122,120,60,012345
137,119,119,115,60,012345
143,131,119,116,60,012345
137,142,118,122,60,012345
133,145,115,123,60,012345
127,154,113,127,60,012345
116,147,113,116,60,012345
102,144,113,111,60,012345
85,127,113,105,60,012345
91,118,113,104,60,012345
132,147,102,110,60,012345
149,154,103,105,60,012345
143,144,104,98,60,012345
131,134,106,91,60,012345
114,119,111,84,60,012345
104,115,134,95,60,012345
85,100,142,103,60,012345
81,94,131,93,60,012345
104,95,120,87,60,012345
97,88,114,78,60,012345
82,80,110,73,60,012345
67,73,112,73,60,012345
54,70,113,73,60,012345
56,76,114,72,60,012345
44,70,111,74,60,012345
36,66,111,75,60,012345
56,97,143,109,60,012345
64,104,157,133,60,012345
72,109,147,124,60,012345
67,110,141,117,60,012345
56,91,146,104,60,012345
48,75,146,97,60,012345
38,62,153,95,60,012345
30,52,163,95,60,012345
57,96,162,110,60,012345
76,95,154,119,60,012345
88,93,142,123,60,012345
90,89,141,119,60,012345
91,82,142,110,60,012345
84,71,134,103,60,012345
67,60,133,94,60,012345
52,50,136,91,60,012345
99,101,128,107,60,012345
109,130,98,99,60,012345
110,138,74,90,60,012345
100,139,56,84,60,012345
90,133,43,66,60,012345
79,119,38,49,60,012345
65,110,29,38,60,012345
67,91,24,31,60,012345
71,94,34,36,60,012345
76,118,35,49,60,012345
78,128,34,55,60,012345
72,124,41,53,60,012345
62,117,43,51,60,012345
81,152,75,77,60,012345
74,131,105,105,60,012345
67,114,98,84,60,012345
68,130,127,113,60,012345
69,139,124,120,60,012345
77,149,101,107,60,012345
86,157,81,94,60,012345
92,171,64,87,60,012345
93,167,50,80,60,012345
76,141,39,58,60,012345
63,112,31,41,60,012345
67,122,26,51,60,012345
66,121,20,58,60,012345
72,119,16,65,60,012345
71,114,12,68,60,012345
55,92,9,47,60,012345
72,115,9,53,60,012345
65,117,7,60,60,012345
63,112,6,68,60,012345
105,147,10,78,60,012345
115,164,9,78,60,012345
112,164,7,79,60,012345
101,159,6,71,60,012345
86,153,6,67,60,012345
80,138,9,64,60,012345
74,120,18,58,60,012345
78,103,26,54,60,012345
78,118,36,64,60,012345
72,127,37,65,60,012345
68,116,39,54,60,012345
62,108,47,48,60,012345
51,94,51,36,60,012345
69,132,88,64,60,012345
66,118,117,94,60,012345
58,103,119,82,60,012345
67,117,149,111,60,012345
70,124,141,117,60,012345
69,129,120,104,60,012345
60,120,99,87,60,012345
48,106,80,65,60,012345
48,93,67,48,60,012345
41,81,55,35,60,012345
52,99,42,37,60,012345
68,130,41,50,60,012345
69,137,34,58,60,012345
81,142,28,64,60,012345
76,138,23,70,60,012345
61,110,19,45,60,012345
76,129,17,55,60,012345
79,136,14,65,60,012345
86,137,11,64,60,012345
121,167,17,73,60,012345
133,176,16,72,60,012345
137,160,13,62,60,012345
144,144,11,57,60,012345
122,128,10,50,60,012345
107,112,15,37,60,012345
86,99,21,36,60,012345
85,95,32,45,60,012345
81,112,47,60,60,012345
77,115,49,62,60,012345
76,114,47,56,60,012345
68,104,52,49,60,012345
98,92,53,45,60,012345
108,116,90,73,60,012345
96,107,118,101,60,012345
87,105,116,94,60,012345
85,123,142,118,60,012345
81,131,135,126,60,012345
80,136,110,110,60,012345
71,131,88,87,60,012345
63,118,69,73,60,012345
83,136,57,74,60,012345
83,115,45,59,60,012345
64,97,34,45,60,012345
77,123,31,52,60,012345
70,123,25,54,60,012345
65,126,19,57,60,012345
55,111,15,52,60,012345
78,99,12,51,60,012345
98,111,12,59,60,012345
97,96,10,50,60,012345
80,85,9,43,60,012345
117,116,12,53,60,012345
137,139,11,63,60,012345
142,135,9,63,60,012345
124,133,8,54,60,012345
100,117,10,44,60,012345
101,121,14,49,60,012345
80,106,14,40,60,012345
70,88,11,30,60,012345
80,88,19,35,60,012345
92,91,16,43,60,012345
93,91,13,51,60,012345
83,86,13,50,60,012345
72,91,22,56,60,012345
69,100,21,58,60,012345
54,82,23,41,60,012345
41,68,33,39,60,012345
55,91,84,74,60,012345
67,107,108,98,60,012345
72,117,113,98,60,012345
73,125,118,105,60,012345
70,134,122,111,60,012345
79,137,128,119,60,012345
69,128,135,115,60,012345
56,102,153,112,60,012345
66,119,157,121,60,012345
63,121,149,127,60,012345
66,118,137,130,60,012345
67,112,137,128,60,012345
53,91,142,109,60,012345
62,85,134,104,60,012345
50,73,134,97,60,012345
39,61,138,94,60,012345
84,109,131,115,60,012345
97,138,100,106,60,012345
97,141,76,94,60,012345
90,138,58,89,60,012345
79,136,44,84,60,012345
78,136,38,82,60,012345
71,132,29,82,60,012345
65,132,22,86,60,012345
65,133,29,85,60,012345
60,133,30,85,60,012345
63,134,30,81,60,012345
64,138,37,80,60,012345
60,139,38,84,60,012345
77,154,75,102,60,012345
74,149,103,127,60,012345
69,142,95,112,60,012345
69,144,125,135,60,012345
64,142,123,136,60,012345
58,141,100,115,60,012345
50,135,80,99,60,012345
42,130,63,92,60,012345
55,130,49,85,60,012345
46,116,38,65,60,012345
53,106,30,51,60,012345
73,110,27,51,60,012345
99,116,22,54,60,012345
89,112,21,51,60,012345
100,107,42,59,60,012345
124,129,34,70,60,012345
129,143,29,65,60,012345
118,118,23,51,60,012345
93,97,19,39,60,012345
129,132,21,54,60,012345
144,147,17,63,60,012345
141,152,14,64,60,012345
120,143,11,51,60,012345
101,134,9,50,60,012345
106,131,11,57,60,012345
102,129,9,57,60,012345
95,122,11,57,60,012345
91,132,26,63,60,012345
81,135,29,62,60,012345
78,123,32,51,60,012345
71,114,41,45,60,012345
72,131,45,48,60,012345
87,156,83,76,60,012345
79,134,115,108,60,012345
69,115,111,94,60,012345
80,126,143,123,60,012345
83,129,138,129,60,012345
85,131,118,114,60,012345
78,133,97,103,60,012345
70,128,78,92,60,012345
64,129,64,81,60,012345
54,115,52,62,60,012345
53,100,54,61,60,012345
60,116,50,68,60,012345
58,115,41,70,60,012345
58,114,34,74,60,012345
58,114,28,71,60,012345
45,88,23,41,60,012345
58,86,23,32,60,012345
48,73,19,23,60,012345
39,65,15,20,60,012345
91,112,21,41,60,012345
104,131,17,47,60,012345
103,135,15,53,60,012345
96,137,12,57,60,012345
85,132,10,60,60,012345
79,132,13,66,60,012345
68,130,10,77,60,012345
58,124,8,69,60,012345
58,127,31,71,60,012345
51,124,36,69,60,012345
57,123,37,69,60,012345
58,128,43,71,60,012345
54,125,43,70,60,012345
69,142,79,92,60,012345
67,135,107,124,60,012345
63,128,98,110,60,012345
65,128,128,131,60,012345
63,130,124,131,60,012345
61,124,101,114,60,012345
56,116,81,105,60,012345
49,111,63,102,60,012345
56,118,54,102,60,012345
48,119,42,95,60,012345
41,118,32,84,60,012345
38,116,32,73,60,012345
34,107,25,56,60,012345
35,96,20,43,60,012345
32,90,16,33,60,012345
27,82,13,26,60,012345
41,92,15,29,60,012345
35,89,12,28,60,012345
30,85,12,28,60,012345
85,118,15,42,60,012345
103,136,14,40,60,012345
107,127,12,32,60,012345
97,113,11,23,60,012345
81,97,10,14,60,012345
72,90,16,17,60,012345
60,81,14,16,60,012345
61,75,12,16,60,012345
56,70,16,16,60,012345
46,59,13,10,60,012345
43,50,11,10,60,012345
62,94,9,27,60,012345
51,94,7,28,60,012345
60,102,8,34,60,012345
78,85,10,27,60,012345
94,75,8,27,60,012345
97,96,67,61,60,012345
85,110,94,87,60,012345
78,99,102,79,60,012345
65,85,113,78,60,012345
52,70,122,77,60,012345
84,79,132,87,60,012345
92,79,137,94,60,012345
85,77,145,97,60,012345
92,86,152,103,60,012345
80,79,149,104,60,012345
79,76,139,106,60,012345
70,82,141,106,60,012345
60,76,144,101,60,012345
73,100,134,107,60,012345
57,84,132,96,60,012345
50,77,134,92,60,012345
93,121,127,107,60,012345
106,145,97,95,60,012345
103,156,74,83,60,012345
93,156,57,74,60,012345
78,143,44,59,60,012345
82,129,40,47,60,012345
67,112,39,42,60,012345
62,98,47,44,60,012345
86,110,46,57,60,012345
77,109,42,53,60,012345
85,117,39,51,60,012345
81,114,44,49,60,012345
77,118,45,53,60,012345
92,144,79,74,60,012345
81,135,110,103,60,012345
71,115,105,84,60,012345
80,125,132,114,60,012345
88,121,128,117,60,012345
95,116,105,98,60,012345
84,104,85,78,60,012345
68,94,66,67,60,012345
78,110,51,71,60,012345
68,113,40,68,60,012345
54,93,33,47,60,012345
74,96,29,46,60,012345
66,94,24,43,60,012345
64,88,20,42,60,012345
66,92,17,45,60,012345
59,82,14,40,60,012345
86,104,14,41,60,012345
70,86,12,26,60,012345
88,101,17,31,60,012345
127,135,21,46,60,012345
134,156,17,51,60,012345
127,165,14,56,60,012345
111,164,12,56,60,012345
92,159,10,54,60,012345
97,147,13,46,60,012345
79,124,13,35,60,012345
82,111,14,34,60,012345
95,125,24,47,60,012345
81,121,27,43,60,012345
91,137,28,46,60,012345
83,132,37,45,60,012345
73,124,41,44,60,012345
89,152,76,72,60,012345
80,138,106,102,60,012345
73,119,97,84,60,012345
97,130,133,115,60,012345
101,139,130,118,60,012345
98,142,113,99,60,012345
104,117,93,73,60,012345
110,94,75,52,60,012345
133,96,64,51,60,012345
123,100,51,54,60,012345
122,102,39,51,60,012345
130,103,39,50,60,012345
128,88,34,40,60,012345
110,75,29,28,60,012345
110,87,25,27,60,012345
86,74,21,20,60,012345
102,105,21,28,60,012345
87,93,19,25,60,012345
69,81,31,29,60,012345
110,124,35,46,60,012345
124,141,29,46,60,012345
124,149,23,47,60,012345
108,157,19,47,60,012345
92,157,16,49,60,012345
88,160,19,56,60,012345
74,154,15,52,60,012345
72,163,15,57,60,012345
89,168,32,65,60,012345
75,137,36,47,60,012345
78,146,37,47,60,012345
72,139,42,48,60,012345
64,128,42,46,60,012345
78,150,75,74,60,012345
71,135,107,101,60,012345
66,119,98,80,60,012345
95,118,130,108,60,012345
112,113,125,115,60,012345
121,107,103,93,60,012345
107,110,82,81,60,012345
92,107,64,72,60,012345
107,120,55,72,60,012345
102,120,43,67,60,012345
104,106,35,54,60,012345
128,109,34,49,60,012345
148,109,27,45,60,012345
131,94,32,38,60,012345
126,122,27,50,60,012345
106,120,21,45,60,012345
106,123,21,43,60,012345
102,123,18,45,60,012345
86,108,25,43,60,012345
129,142,31,58,60,012345
135,158,25,60,60,012345
132,157,20,57,60,012345
115,161,16,53,60,012345
98,160,13,51,60,012345
92,161,18,54,60,012345
76,144,14,48,60,012345
70,125,15,38,60,012345
97,128,19,40,60,012345
121,126,17,39,60,012345
103,104,17,30,60,012345
94,120,15,37,60,012345
77,95,13,24,60,012345
92,121,12,34,60,012345
94,115,10,40,60,012345
83,109,8,50,60,012345
105,117,65,82,60,012345
98,117,93,100,60,012345
88,102,103,89,60,012345
84,96,110,90,60,012345
66,78,123,86,60,012345
97,91,130,91,60,012345
100,89,136,93,60,012345
78,76,149,93,60,012345
98,102,151,103,60,012345
96,113,145,107,60,012345
85,97,138,105,60,012345
86,97,138,104,60,012345
72,84,144,95,60,012345
98,101,136,101,60,012345
94,94,133,94,60,012345
77,83,142,91,60,012345
119,126,136,105,60,012345
126,156,104,92,60,012345
119,141,79,69,60,012345
115,146,60,65,60,012345
96,131,46,65,60,012345
106,144,39,62,60,012345
87,126,31,48,60,012345
85,107,27,38,60,012345
100,139,32,52,60,012345
87,141,32,52,60,012345
89,139,31,51,60,012345
82,146,37,51,60,012345
73,130,39,48,60,012345
98,152,74,72,60,012345
87,135,105,103,60,012345
87,127,95,90,60,012345
98,126,125,119,60,012345
86,117,123,116,60,012345
87,124,102,98,60,012345
79,107,82,74,60,012345
66,91,69,60,60,012345
92,108,54,63,60,012345
74,93,43,45,60,012345
72,92,38,45,60,012345
92,113,32,54,60,012345
79,103,25,43,60,012345
92,118,20,49,60,012345
79,101,19,38,60,012345
84,103,22,39,60,012345
102,109,21,40,60,012345
80,90,25,31,60,012345
109,81,27,33,60,012345
146,121,29,49,60,012345
145,140,23,51,60,012345
147,150,19,56,60,012345
124,128,15,39,60,012345
102,113,13,35,60,012345
102,131,14,47,60,012345
82,124,12,45,60,012345
76,106,13,34,60,012345
94,132,24,49,60,012345
78,113,28,36,60,012345
79,112,29,36,60,012345
76,118,35,41,60,012345
67,105,39,33,60,012345
96,134,74,61,60,012345
85,124,106,95,60,012345
77,113,102,84,60,012345
83,125,134,114,60,012345
92,124,131,119,60,012345
103,116,112,102,60,012345
93,111,91,89,60,012345
75,100,73,79,60,012345
92,118,60,73,60,012345
89,131,47,70,60,012345
81,136,37,65,60,012345
90,140,38,63,60,012345
79,139,32,58,60,012345
73,131,27,51,60,012345
65,119,23,43,60,012345
53,103,19,34,60,012345
68,106,20,35,60,012345
56,95,17,27,60,012345
45,87,14,27,60,012345
92,119,23,40,60,012345
111,132,20,38,60,012345
122,124,17,33,60,012345
109,113,22,27,60,012345
120,120,19,41,60,012345
125,133,21,53,60,012345
105,136,17,61,60,012345
93,141,16,68,60,012345
103,153,35,75,60,012345
97,149,39,71,60,012345
101,150,40,71,60,012345
99,140,46,69,60,012345
92,126,46,66,60,012345
104,139,80,89,60,012345
96,127,107,118,60,012345
85,119,98,107,60,012345
86,129,130,134,60,012345
88,135,128,136,60,012345
87,138,107,116,60,012345
77,136,94,102,60,012345
71,142,80,97,60,012345
75,149,78,92,60,012345
69,144,77,85,60,012345
62,139,81,77,60,012345
62,137,99,78,60,012345
61,127,104,77,60,012345
67,116,108,74,60,012345
69,110,112,78,60,012345
72,106,117,71,60,012345
87,123,127,81,60,012345
90,130,130,84,60,012345
100,135,123,83,60,012345
138,165,94,93,60,012345
151,181,71,89,60,012345
147,189,54,85,60,012345
145,194,42,80,60,012345
135,191,33,77,60,012345
131,186,27,72,60,012345
135,173,25,67,60,012345
136,159,25,61,60,012345
133,150,26,54,60,012345
124,139,38,52,60,012345
113,129,45,48,60,012345
104,124,62,51,60,012345
100,118,93,66,60,012345
99,115,112,75,60,012345
99,111,141,94,60,012345
105,114,157,106,60,012345
83,87,181,138,60,012345
66,67,176,139,60,012345
52,50,160,107,60,012345
43,38,148,89,60,012345
36,29,143,80,60,012345
31,22,143,77,60,012345
26,18,146,74,60,012345
23,13,152,74,60,012345
21,11,157,71,60,012345
19,9,154,75,60,012345
18,9,143,76,60,012345
17,11,145,75,60,012345
18,19,146,66,60,012345
23,30,144,72,60,012345
36,52,149,74,60,012345
64,88,146,81,60,012345
112,129,151,101,60,012345
137,153,147,111,60,012345
151,166,137,116,60,012345
159,169,131,121,60,012345
168,173,129,128,60,012345
170,175,128,131,60,012345
170,173,126,136,60,012345
170,176,123,137,60,012345
180,180,126,139,60,012345
176,181,125,135,60,012345
182,183,124,135,60,012345
181,185,123,135,60,012345
185,183,118,136,60,012345
183,188,141,152,60,012345
172,168,155,169,60,012345
157,165,145,142,60,012345
152,161,172,163,60,012345
153,166,163,165,60,012345
150,176,154,154,60,012345
139,165,140,138,60,012345
122,152,119,113,60,012345
134,154,112,112,60,012345
148,139,105,106,60,012345
157,134,101,108,60,012345
170,145,99,110,60,012345
160,151,96,111,60,012345
150,156,98,111,60,012345
136,151,98,104,60,012345
118,138,98,97,60,012345
126,132,103,94,60,012345
126,131,103,95,60,012345
108,121,106,94,60,012345
145,152,112,109,60,012345
157,175,111,114,60,012345
161,182,103,109,60,012345
147,166,98,98,60,012345
132,147,99,92,60,012345
146,153,98,97,60,012345
158,141,93,100,60,012345
166,136,90,104,60,012345
184,141,97,107,60,012345
170,147,95,105,60,012345
153,151,95,104,60,012345
133,143,95,94,60,012345
112,131,94,86,60,012345
130,149,121,109,60,012345
131,145,137,137,60,012345
128,149,124,125,60,012345
134,138,157,154,60,012345
143,134,155,154,60,012345
155,137,143,138,60,012345
162,137,134,146,60,012345
167,140,121,135,60,012345
168,140,116,129,60,012345
158,139,116,127,60,012345
139,134,118,121,60,012345
152,141,121,123,60,012345
150,152,117,121,60,012345
148,155,115,125,60,012345
144,162,112,131,60,012345
129,150,112,122,60,012345
123,138,112,114,60,012345
106,131,112,106,60,012345
91,120,111,106,60,012345
131,145,121,119,60,012345
140,156,118,110,60,012345
135,148,117,102,60,012345
125,137,117,96,60,012345
109,124,116,90,60,012345
108,115,113,87,60,012345
94,105,113,86,60,012345
91,105,113,86,60,012345
110,108,125,92,60,012345
100,98,125,87,60,012345
95,97,123,83,60,012345
82,94,124,80,60,012345
76,92,122,80,60,012345
101,127,143,100,60,012345
113,136,155,128,60,012345
115,142,138,117,60,012345
120,133,167,143,60,012345
128,129,169,157,60,012345
144,127,157,149,60,012345
157,128,143,138,60,012345
164,124,134,127,60,012345
170,126,128,120,60,012345
164,137,123,126,60,012345
143,135,121,122,60,012345
153,146,120,121,60,012345
145,160,115,131,60,012345
142,160,113,130,60,012345
135,167,109,136,60,012345
123,156,111,123,60,012345
117,157,112,120,60,012345
102,147,112,116,60,012345
112,138,112,116,60,012345
147,159,105,120,60,012345
158,166,108,114,60,012345
155,159,109,108,60,012345
144,156,113,104,60,012345
134,147,117,101,60,012345
131,146,121,101,60,012345
121,141,130,103,60,012345
119,138,128,100,60,012345
140,142,127,102,60,012345
128,136,126,100,60,012345
124,133,129,98,60,012345
116,130,123,96,60,012345
106,126,126,94,60,012345
109,124,123,93,60,012345
103,124,121,92,60,012345
102,129,122,92,60,012345
106,124,155,126,60,012345
101,121,157,136,60,012345
103,115,152,122,60,012345
103,109,150,114,60,012345
104,104,140,105,60,012345
110,102,142,102,60,012345
108,100,137,97,60,012345
107,95,147,104,60,012345
125,111,150,112,60,012345
124,111,138,108,60,012345
121,108,133,94,60,012345
117,105,125,87,60,012345
112,94,121,83,60,012345
114,95,123,89,60,012345
113,97,127,97,60,012345
114,107,131,105,60,012345
149,142,126,114,60,012345
160,169,123,119,60,012345
159,173,112,114,60,012345
157,180,109,117,60,012345
152,180,110,120,60,012345
153,183,110,119,60,012345
149,179,107,121,60,012345
151,182,105,123,60,012345
162,187,110,125,60,012345
160,188,110,121,60,012345
167,183,108,120,60,012345
169,184,105,120,60,012345
170,176,103,117,60,012345
172,183,128,136,60,012345
162,169,145,159,60,012345
150,165,133,134,60,012345
146,163,163,157,60,012345
143,163,156,157,60,012345
138,165,149,140,60,012345
129,146,134,122,60,012345
108,128,114,95,60,012345
129,136,103,94,60,012345
130,132,94,91,60,012345
115,118,89,81,60,012345
139,142,86,91,60,012345
142,151,83,95,60,012345
138,166,81,102,60,012345
124,159,79,94,60,012345
110,139,79,83,60,012345
133,147,78,86,60,012345
115,134,77,79,60,012345
96,118,78,74,60,012345
136,152,87,92,60,012345
156,172,90,100,60,012345
161,173,83,94,60,012345
147,159,80,80,60,012345
129,142,80,74,60,012345
151,143,78,83,60,012345
165,140,75,91,60,012345
171,134,72,90,60,012345
178,144,79,94,60,012345
164,152,79,88,60,012345
143,150,78,80,60,012345
123,136,82,71,60,012345
104,122,83,64,60,012345
125,146,114,91,60,012345
125,141,132,118,60,012345
130,149,115,119,60,012345
135,143,150,149,60,012345
146,138,149,151,60,012345
159,135,137,133,60,012345
166,132,130,134,60,012345
167,131,118,123,60,012345
170,129,113,119,60,012345
158,138,112,118,60,012345
142,134,116,114,60,012345
155,155,121,118,60,012345
145,171,117,120,60,012345
143,180,114,125,60,012345
138,176,113,126,60,012345
124,164,111,118,60,012345
118,147,112,110,60,012345
103,130,112,101,60,012345
87,116,112,100,60,012345
129,140,122,114,60,012345
137,147,119,105,60,012345
134,139,117,97,60,012345
123,131,115,90,60,012345
108,117,113,83,60,012345
103,108,111,80,60,012345
90,99,112,81,60,012345
87,97,113,82,60,012345
111,98,125,87,60,012345
100,94,124,81,60,012345
95,90,122,78,60,012345
84,88,125,78,60,012345
106,107,121,85,60,012345
124,131,145,102,60,012345
123,138,155,129,60,012345
123,142,137,116,60,012345
133,143,167,146,60,012345
142,138,168,160,60,012345
156,139,157,154,60,012345
164,142,142,148,60,012345
172,139,133,132,60,012345
176,142,128,128,60,012345
158,143,122,125,60,012345
147,152,120,123,60,012345
159,168,118,126,60,012345
151,173,116,132,60,012345
146,165,112,128,60,012345
142,168,111,135,60,012345
127,163,110,130,60,012345
126,155,111,122,60,012345
120,150,112,119,60,012345
131,150,112,120,60,012345
162,169,102,124,60,012345
164,170,104,115,60,012345
158,160,106,107,60,012345
144,144,109,99,60,012345
124,132,112,92,60,012345
116,127,112,91,60,012345
100,117,111,89,60,012345
95,113,108,88,60,012345
125,120,107,90,60,012345
111,107,109,85,60,012345
98,102,108,82,60,012345
81,92,109,79,60,012345
68,89,108,78,60,012345
76,90,108,78,60,012345
66,87,106,79,60,012345
69,92,105,82,60,012345
87,111,142,118,60,012345
100,136,144,130,60,012345
109,158,143,130,60,012345
116,179,137,133,60,012345
123,189,119,124,60,012345
135,200,132,134,60,012345
141,201,130,138,60,012345
145,204,128,141,60,012345
162,210,129,143,60,012345
160,211,130,142,60,012345
163,206,128,140,60,012345
164,201,127,139,60,012345
164,194,124,136,60,012345
172,196,132,141,60,012345
175,192,125,142,60,012345
182,187,126,142,60,012345
200,200,126,145,60,012345
196,196,128,140,60,012345
190,179,123,127,60,012345
185,171,118,121,60,012345
177,164,117,119,60,012345
177,161,116,117,60,012345
170,158,115,119,60,012345
162,156,114,119,60,012345
168,159,115,121,60,012345
149,152,117,114,60,012345
132,148,118,105,60,012345
115,142,122,97,60,012345
111,140,125,94,60,012345
123,157,144,115,60,012345
124,159,157,142,60,012345
130,163,143,125,60,012345
136,160,171,153,60,012345
127,160,164,155,60,012345
125,162,156,142,60,012345
107,144,138,122,60,012345
93,136,118,97,60,012345
104,160,107,97,60,012345
95,155,100,89,60,012345
83,156,99,88,60,012345
101,176,95,98,60,012345
99,180,96,104,60,012345
95,183,99,111,60,012345
89,182,98,110,60,012345
80,176,96,102,60,012345
101,175,92,94,60,012345
110,158,92,89,60,012345
105,146,90,83,60,012345
142,170,96,97,60,012345
148,179,98,98,60,012345
145,184,90,92,60,012345
142,182,87,89,60,012345
136,187,87,89,60,012345
131,193,99,100,60,012345
117,189,94,100,60,012345
115,186,95,103,60,012345
136,188,101,110,60,012345
127,184,95,108,60,012345
125,175,94,98,60,012345
105,157,93,81,60,012345
99,158,91,78,60,012345
103,171,119,101,60,012345
93,157,137,126,60,012345
89,162,121,116,60,012345
91,161,154,147,60,012345
99,158,154,149,60,012345
107,165,142,140,60,012345
112,171,136,141,60,012345
118,179,130,137,60,012345
125,185,139,141,60,012345
126,190,147,153,60,012345
132,190,140,153,60,012345
152,190,138,152,60,012345
153,183,134,144,60,012345
152,185,130,143,60,012345
159,184,122,141,60,012345
171,176,123,137,60,012345
179,176,136,145,60,012345
184,168,141,144,60,012345
189,165,140,147,60,012345
205,177,140,146,60,012345
209,176,126,132,60,012345
204,164,121,124,60,012345
194,160,120,119,60,012345
183,152,121,115,60,012345
182,160,127,116,60,012345
159,155,128,115,60,012345
151,160,128,119,60,012345
165,157,136,121,60,012345
162,150,135,115,60,012345
149,144,135,110,60,012345
125,134,139,105,60,012345
128,158,139,108,60,012345
134,173,161,122,60,012345
124,172,168,148,60,012345
114,168,153,133,60,012345
113,157,179,160,60,012345
107,157,181,170,60,012345
105,160,172,153,60,012345
94,145,164,139,60,012345
85,136,147,123,60,012345
100,166,137,128,60,012345
96,173,137,128,60,012345
92,159,142,119,60,012345
119,173,140,122,60,012345
115,171,140,128,60,012345
115,169,138,124,60,012345
101,152,134,115,60,012345
92,142,141,117,60,012345
109,170,133,124,60,012345
109,169,132,115,60,012345
109,155,134,112,60,012345
143,174,128,114,60,012345
152,183,133,117,60,012345
153,184,127,115,60,012345
147,189,125,117,60,012345
132,174,125,111,60,012345
139,183,122,120,60,012345
125,164,121,114,60,012345
131,160,124,108,60,012345
151,168,129,116,60,012345
146,175,129,123,60,012345
140,187,128,124,60,012345
128,182,127,117,60,012345
119,168,132,112,60,012345
124,182,137,114,60,012345
119,179,133,112,60,012345
113,167,132,108,60,012345
98,144,161,134,60,012345
83,121,164,138,60,012345
68,102,151,108,60,012345
56,83,142,91,60,012345
46,69,141,84,60,012345
39,56,143,83,60,012345
33,47,149,81,60,012345
29,38,157,81,60,012345
26,32,162,78,60,012345
23,28,160,83,60,012345
21,23,150,84,60,012345
20,21,152,83,60,012345
20,25,155,74,60,012345
22,31,150,79,60,012345
33,51,152,78,60,012345
61,96,148,88,60,012345
110,128,152,104,60,012345
135,155,142,114,60,012345
148,169,135,117,60,012345
159,172,131,121,60,012345
160,172,133,124,60,012345
164,181,132,128,60,012345
166,180,127,129,60,012345
164,180,128,131,60,012345
174,180,129,129,60,012345
170,187,128,131,60,012345
174,189,127,131,60,012345
172,190,125,129,60,012345
175,193,122,127,60,012345
180,202,135,142,60,012345
168,184,149,163,60,012345
159,180,141,141,60,012345
155,170,170,165,60,012345
149,172,165,165,60,012345
143,177,156,148,60,012345
132,164,145,133,60,012345
117,156,128,112,60,012345
131,165,125,115,60,012345
142,158,122,112,60,012345
149,155,122,115,60,012345
162,165,118,117,60,012345
151,171,117,120,60,012345
142,177,116,120,60,012345
131,168,111,111,60,012345
117,157,109,103,60,012345
124,162,111,103,60,012345
120,159,109,101,60,012345
103,148,108,95,60,012345
141,173,113,108,60,012345
155,183,111,111,60,012345
157,187,106,108,60,012345
145,171,103,98,60,012345
129,162,104,92,60,012345
145,166,116,104,60,012345
153,158,108,108,60,012345
158,147,107,108,60,012345
177,155,109,112,60,012345
162,171,112,112,60,012345
147,169,111,107,60,012345
127,161,108,97,60,012345
108,152,108,92,60,012345
127,160,133,115,60,012345
129,155,150,139,60,012345
128,157,140,126,60,012345
132,143,168,154,60,012345
146,138,166,154,60,012345
158,146,153,139,60,012345
165,150,146,144,60,012345
167,152,136,132,60,012345
166,158,144,135,60,012345
154,155,150,139,60,012345
139,156,151,137,60,012345
152,165,148,139,60,012345
150,173,141,134,60,012345
146,176,141,134,60,012345
141,176,138,133,60,012345
127,168,140,125,60,012345
131,165,154,132,60,012345
114,150,153,125,60,012345
99,143,152,122,60,012345
136,160,149,126,60,012345
149,165,142,117,60,012345
145,155,137,108,60,012345
132,147,132,97,60,012345
115,139,126,87,60,012345
120,146,124,86,60,012345
106,138,124,87,60,012345
101,137,123,86,60,012345
120,138,137,93,60,012345
108,131,134,87,60,012345
106,127,135,87,60,012345
95,125,137,86,60,012345
87,126,134,85,60,012345
111,151,154,104,60,012345
116,154,163,131,60,012345
120,161,142,121,60,012345
124,147,170,148,60,012345
133,142,172,160,60,012345
148,139,161,151,60,012345
158,134,145,137,60,012345
165,133,137,126,60,012345
170,140,133,119,60,012345
164,146,125,120,60,012345
145,141,123,116,60,012345
156,152,124,118,60,012345
149,162,123,122,60,012345
146,161,121,120,60,012345
139,171,116,122,60,012345
127,167,117,117,60,012345
124,169,118,113,60,012345
108,159,114,107,60,012345
110,151,110,108,60,012345
147,168,101,111,60,012345
156,171,101,105,60,012345
150,158,105,101,60,012345
136,150,108,94,60,012345
120,138,112,88,60,012345
122,139,135,102,60,012345
104,132,146,111,60,012345
97,128,138,104,60,012345
123,130,129,97,60,012345
115,126,126,89,60,012345
107,130,123,89,60,012345
94,129,121,89,60,012345
82,125,122,83,60,012345
91,128,121,83,60,012345
83,126,122,86,60,012345
87,133,118,88,60,012345
101,141,133,100,60,012345
96,129,141,104,60,012345
86,117,134,92,60,012345
74,107,120,82,60,012345
79,84,113,72,60,012345
72,70,95,55,60,012345
55,59,72,37,60,012345
50,56,54,32,60,012345
55,76,48,43,60,012345
74,82,36,48,60,012345
83,77,28,49,60,012345
93,74,21,45,60,012345
97,60,16,38,60,012345
88,55,19,33,60,012345
69,50,15,25,60,012345
64,59,12,28,60,012345
69,79,13,38,60,012345
68,88,10,42,60,012345
65,92,8,42,60,012345
65,97,6,37,60,012345
69,76,4,28,60,012345
57,65,10,22,60,012345
43,55,8,16,60,012345
40,76,7,21,60,012345
42,89,11,28,60,012345
40,92,9,31,60,012345
40,93,7,33,60,012345
35,87,5,26,60,012345
26,68,4,15,60,012345
37,80,10,20,60,012345
28,69,9,16,60,012345
24,61,14,16,60,012345
37,95,21,28,60,012345
49,101,16,35,60,012345
63,97,12,37,60,012345
72,85,9,34,60,012345
83,68,7,31,60,012345
100,58,7,39,60,012345
76,49,5,27,60,012345
81,61,4,28,60,012345
77,86,6,40,60,012345
66,94,4,48,60,012345
59,102,3,48,60,012345
46,82,3,33,60,012345
35,66,2,23,60,012345
52,86,5,27,60,012345
45,70,4,18,60,012345
41,56,3,11,60,012345
44,91,8,24,60,012345
42,97,6,32,60,012345
40,98,5,37,60,012345
48,100,4,38,60,012345
46,83,3,28,60,012345
59,86,7,30,60,012345
51,85,6,27,60,012345
41,73,9,23,60,012345
53,88,14,31,60,012345
62,90,12,34,60,012345
63,90,9,32,60,012345
52,77,7,26,60,012345
41,63,12,21,60,012345
43,82,13,26,60,012345
35,65,13,15,60,012345
32,50,12,10,60,012345
32,73,33,22,60,012345
38,83,37,31,60,012345
43,83,36,34,60,012345
50,78,33,32,60,012345
48,70,28,26,60,012345
41,68,29,25,60,012345
45,61,31,25,60,012345
69,59,39,32,60,012345
71,79,40,37,60,012345
69,88,33,38,60,012345
68,88,27,41,60,012345
69,92,22,43,60,012345
52,71,18,24,60,012345
57,83,18,26,60,012345
49,69,15,19,60,012345
40,57,12,13,60,012345
52,85,21,22,60,012345
53,88,19,27,60,012345
64,82,15,26,60,012345
70,71,12,25,60,012345
69,55,10,22,60,012345
66,53,15,21,60,012345
52,47,13,17,60,012345
56,41,10,20,60,012345
61,75,25,32,60,012345
63,80,27,36,60,012345
54,80,25,32,60,012345
41,63,22,19,60,012345
31,48,23,14,60,012345
36,62,24,16,60,012345
29,50,20,9,60,012345
24,40,16,5,60,012345
47,54,21,12,60,012345
54,62,17,19,60,012345
59,71,13,24,60,012345
49,70,10,27,60,012345
37,54,8,15,60,012345
32,55,14,17,60,012345
58,54,16,20,60,012345
99,53,20,27,60,012345
105,80,22,37,60,012345
102,89,17,39,60,012345
102,92,13,38,60,012345
78,70,10,21,60,012345
59,55,8,11,60,012345
72,84,10,21,60,012345
57,85,8,23,60,012345
43,75,13,22,60,012345
50,86,15,25,60,012345
55,102,12,32,60,012345
54,101,9,39,60,012345
52,99,7,45,60,012345
63,117,5,49,60,012345
67,126,12,54,60,012345
63,122,10,55,60,012345
63,125,8,49,60,012345
78,114,13,46,60,012345
75,105,11,39,60,012345
67,90,9,33,60,012345
61,85,8,34,60,012345
56,99,11,37,60,012345
55,113,13,39,60,012345
46,103,13,32,60,012345
35,85,15,24,60,012345
55,100,18,29,60,012345
65,91,14,29,60,012345
74,79,10,27,60,012345
70,71,9,23,60,012345
60,67,6,23,60,012345
55,67,13,29,60,012345
54,65,19,30,60,012345
68,59,23,36,60,012345
73,82,24,49,60,012345
62,88,19,52,60,012345
54,90,14,52,60,012345
52,88,11,44,60,012345
39,70,8,27,60,012345
29,63,14,23,60,012345
22,56,12,18,60,012345
17,46,9,14,60,012345
17,69,11,27,60,012345
18,76,9,34,60,012345
20,77,6,34,60,012345
20,77,5,35,60,012345
20,77,4,38,60,012345
20,81,8,49,60,012345
20,82,7,56,60,012345
21,82,5,61,60,012345
20,80,10,61,60,012345
21,80,8,66,60,012345
21,74,6,53,60,012345
22,73,5,48,60,012345
22,78,3,50,60,012345
22,81,9,49,60,012345
22,84,7,47,60,012345
21,84,6,45,60,012345
20,88,15,49,60,012345
20,92,12,50,60,012345
19,93,9,49,60,012345
18,91,7,49,60,012345
17,87,5,49,60,012345
15,89,5,50,60,012345
13,79,4,36,60,012345
22,76,3,28,60,012345
39,78,5,32,60,012345
61,82,5,39,60,012345
83,88,12,45,60,012345
64,76,10,34,60,012345
72,89,17,40,60,012345
80,102,16,46,60,012345
68,98,12,41,60,012345
52,81,9,28,60,012345
54,91,13,39,60,012345
52,97,10,47,60,012345
50,99,8,52,60,012345
54,105,6,53,60,012345
56,107,4,54,60,012345
50,104,9,55,60,012345
44,102,7,56,60,012345
42,104,5,49,60,012345
54,101,12,44,60,012345
57,97,10,42,60,012345
50,85,7,34,60,012345
51,81,6,31,60,012345
51,105,12,34,60,012345
46,116,14,36,60,012345
36,94,16,24,60,012345
30,76,21,22,60,012345
47,93,40,35,60,012345
63,85,43,39,60,012345
65,79,42,37,60,012345
71,75,38,35,60,012345
60,68,32,30,60,012345
52,68,32,29,60,012345
45,64,35,31,60,012345
62,62,39,34,60,012345
63,77,39,39,60,012345
55,76,32,39,60,012345
50,76,27,41,60,012345
46,75,22,37,60,012345
35,64,21,25,60,012345
27,60,21,20,60,012345
21,55,18,16,60,012345
15,51,17,13,60,012345
18,67,25,21,60,012345
20,72,22,26,60,012345
21,72,18,29,60,012345
22,73,14,29,60,012345
21,77,11,42,60,012345
21,87,14,55,60,012345
20,88,11,58,60,012345
21,88,10,56,60,012345
21,91,23,62,60,012345
22,89,24,64,60,012345
27,83,22,60,60,012345
31,76,19,47,60,012345
33,80,16,53,60,012345
33,85,19,55,60,012345
32,88,16,60,60,012345
30,88,13,66,60,012345
29,90,17,66,60,012345
28,98,14,68,60,012345
27,95,11,64,60,012345
26,92,9,65,60,012345
25,89,7,63,60,012345
25,96,13,68,60,012345
23,103,11,69,60,012345
21,107,8,62,60,012345
19,100,14,50,60,012345
17,93,12,40,60,012345
15,82,11,28,60,012345
13,75,10,21,60,012345
12,67,9,15,60,012345
10,72,12,19,60,012345
8,72,11,21,60,012345
8,71,10,21,60,012345
8,65,13,16,60,012345
9,59,11,11,60,012345
8,53,13,7,60,012345
8,49,14,5,60,012345
7,46,16,5,60,012345
7,52,22,9,60,012345
7,53,20,10,60,012345
8,55,20,10,60,012345
8,54,25,11,60,012345
8,52,27,10,60,012345
8,51,33,10,60,012345
19,73,34,19,60,012345
19,66,34,16,60,012345
38,93,36,24,60,012345
50,87,39,26,60,012345
49,87,51,32,60,012345
73,100,79,48,60,012345
70,106,102,60,60,012345
61,98,107,57,60,012345
63,98,104,59,60,012345
52,89,109,58,60,012345
74,100,110,64,60,012345
78,100,109,65,60,012345
61,94,110,64,60,012345
68,110,108,70,60,012345
73,115,110,69,60,012345
63,102,107,65,60,012345
64,102,103,66,60,012345
54,93,104,61,60,012345
73,100,102,64,60,012345
73,94,100,62,60,012345
59,85,109,61,60,012345
76,108,107,65,60,012345
78,124,104,66,60,012345
65,105,104,59,60,012345
68,110,103,67,60,012345
58,102,105,67,60,012345
72,113,104,72,60,012345
62,101,105,68,60,012345
56,89,105,64,60,012345
61,111,121,78,60,012345
52,116,111,81,60,012345
51,116,113,85,60,012345
54,122,115,82,60,012345
48,110,113,75,60,012345
66,116,123,79,60,012345
59,109,122,79,60,012345
60,103,130,85,60,012345
71,106,139,90,60,012345
59,98,138,84,60,012345
59,102,137,82,60,012345
55,94,131,71,60,012345
48,84,127,67,60,012345
61,93,122,71,60,012345
50,84,122,64,60,012345
48,81,126,68,60,012345
59,96,116,70,60,012345
49,84,108,59,60,012345
64,98,101,61,60,012345
62,88,100,59,60,012345
69,88,105,59,60,012345
76,90,104,64,60,012345
62,79,110,61,60,012345
99,71,111,63,60,012345
103,85,106,69,60,012345
87,84,107,66,60,012345
94,97,103,69,60,012345
76,88,99,63,60,012345
61,80,99,62,60,012345
64,100,97,72,60,012345
57,95,96,67,60,012345
46,84,95,61,60,012345
52,98,124,81,60,012345
42,89,117,73,60,012345
41,94,124,76,60,012345
43,91,129,83,60,012345
38,84,135,81,60,012345
53,97,153,91,60,012345
49,92,151,88,60,012345
45,84,159,88,60,012345
49,97,165,97,60,012345
60,99,159,96,60,012345
73,91,144,84,60,012345
70,88,139,76,60,012345
58,86,131,77,60,012345
67,104,118,72,60,012345
65,109,116,73,60,012345
58,109,116,73,60,012345
57,110,113,71,60,012345
50,110,106,68,60,012345
49,106,103,65,60,012345
44,97,107,64,60,012345
37,86,113,63,60,012345
47,80,109,64,60,012345
44,74,110,62,60,012345
37,67,108,60,60,012345
35,61,105,52,60,012345
43,61,103,50,60,012345
63,60,100,48,60,012345
60,55,102,45,60,012345
77,68,98,53,60,012345
84,81,95,58,60,012345
75,94,91,63,60,012345
64,102,87,69,60,012345
67,114,108,80,60,012345
66,115,104,82,60,012345
69,116,102,84,60,012345
72,110,117,91,60,012345
68,98,121,88,60,012345
70,102,140,96,60,012345
66,93,135,89,60,012345
58,86,131,87,60,012345
61,98,153,102,60,012345
66,108,147,99,60,012345
67,113,141,95,60,012345
66,113,135,90,60,012345
61,115,126,84,60,012345
58,118,115,76,60,012345
52,114,103,64,60,012345
44,106,102,61,60,012345
43,101,105,61,60,012345
37,93,105,59,60,012345
35,82,102,57,60,012345
36,75,104,54,60,012345
34,71,103,52,60,012345
38,67,102,50,60,012345
42,85,103,59,60,012345
43,94,105,63,60,012345
59,115,80,65,60,012345
62,118,62,62,60,012345
60,123,48,58,60,012345
65,128,38,54,60,012345
66,130,31,52,60,012345
74,127,25,48,60,012345
84,116,21,44,60,012345
90,103,17,38,60,012345
92,92,15,32,60,012345
85,82,14,27,60,012345
75,69,11,21,60,012345
65,61,12,18,60,012345
55,52,10,14,60,012345
42,43,10,10,60,012345
39,41,8,7,60,012345
51,50,8,7,60,012345
56,52,9,7,60,012345
46,45,8,5,60,012345
34,33,32,14,60,012345
26,25,42,16,60,012345
21,19,47,12,60,012345
18,14,43,7,60,012345
15,11,38,5,60,012345
13,8,74,15,60,012345
11,6,68,10,60,012345
8,5,62,7,60,012345
6,4,57,5,60,012345
5,3,49,5,60,012345
4,2,42,5,60,012345
3,2,37,5,60,012345
23,24,37,5,60,012345
37,38,41,6,60,012345
45,54,43,8,60,012345
45,55,38,7,60,012345
41,49,92,34,60,012345
34,41,89,28,60,012345
28,33,78,19,60,012345
22,25,64,12,60,012345
17,19,60,8,60,012345
15,14,61,12,60,012345
11,11,53,7,60,012345
8,8,45,5,60,012345
8,6,42,5,60,012345
11,5,37,5,60,012345
14,6,33,5,60,012345
17,6,29,5,60,012345
17,6,27,5,60,012345
16,5,25,5,60,012345
13,4,27,5,60,012345
13,3,30,5,60,012345
12,3,61,24,60,012345
9,3,69,21,60,012345
10,5,65,14,60,012345
12,8,55,8,60,012345
18,22,65,16,60,012345
28,35,63,16,60,012345
30,39,60,13,60,012345
26,36,51,8,60,012345
22,30,43,5,60,012345
18,24,39,5,60,012345
14,19,33,5,60,012345
10,15,29,5,60,012345
8,11,24,5,60,012345
6,8,24,5,60,012345
5,6,22,5,60,012345
11,8,57,8,60,012345
18,9,54,8,60,012345
20,9,57,7,60,012345
19,9,54,5,60,012345
17,8,50,5,60,012345
15,6,58,5,60,012345
12,5,50,5,60,012345
9,3,47,5,60,012345
7,3,46,5,60,012345
5,2,44,5,60,012345
7,7,43,5,60,012345
29,31,42,6,60,012345
47,44,41,8,60,012345
45,45,35,6,60,012345
41,43,31,5,60,012345
35,38,29,5,60,012345
28,33,80,18,60,012345
26,29,72,13,60,012345
25,26,64,9,60,012345
26,25,55,5,60,012345
24,22,48,5,60,012345
20,18,55,9,60,012345
16,15,50,6,60,012345
12,11,44,5,60,012345
9,8,36,5,60,012345
8,6,33,5,60,012345
8,6,32,5,60,012345
8,5,32,5,60,012345
8,4,35,5,60,012345
8,4,37,5,60,012345
7,3,38,5,60,012345
6,4,33,5,60,012345
5,4,43,9,60,012345
3,21,47,10,60,012345
3,39,45,12,60,012345
2,56,49,18,60,012345
5,62,56,28,60,012345
21,55,54,27,60,012345
59,44,49,23,60,012345
53,35,44,20,60,012345
54,90,48,41,60,012345
45,99,46,37,60,012345
35,82,39,25,60,012345
29,63,37,15,60,012345
26,54,35,10,60,012345
27,49,32,6,60,012345
23,40,29,5,60,012345
18,31,63,17,60,012345
14,24,60,14,60,012345
16,18,64,14,60,012345
21,16,61,11,60,012345
25,16,63,10,60,012345
27,17,71,13,60,012345
26,16,78,14,60,012345
23,14,78,16,60,012345
18,11,73,14,60,012345
14,8,65,9,60,012345
11,6,56,5,60,012345
8,5,51,5,60,012345
24,25,48,5,60,012345
37,40,47,8,60,012345
39,43,42,6,60,012345
37,39,36,5,60,012345
34,34,77,16,60,012345
29,28,74,13,60,012345
23,23,68,10,60,012345
18,17,59,6,60,012345
13,13,58,5,60,012345
10,10,56,5,60,012345
13,12,49,5,60,012345
13,12,42,5,60,012345
11,10,36,5,60,012345
8,7,36,5,60,012345
7,6,33,5,60,012345
6,4,33,5,60,012345
5,3,32,5,60,012345
6,3,32,5,60,012345
6,4,35,5,60,012345
6,4,35,5,60,012345
6,5,52,14,60,012345
5,5,52,11,60,012345
5,5,46,6,60,012345
4,5,40,5,60,012345
7,8,49,7,60,012345
11,12,49,6,60,012345
15,14,44,5,60,012345
15,14,42,5,60,012345
13,12,35,5,60,012345
10,9,30,5,60,012345
8,7,26,5,60,012345
6,6,22,5,60,012345
7,9,21,5,60,012345
8,11,18,5,60,012345
7,12,16,5,60,012345
6,10,47,6,60,012345
5,7,48,5,60,012345
4,16,52,11,60,012345
6,25,54,18,60,012345
4,18,46,9,60,012345
13,20,59,15,60,012345
24,68,64,40,60,012345
20,70,64,38,60,012345
20,64,63,30,60,012345
30,55,51,22,60,012345
48,50,41,16,60,012345
40,40,33,8,60,012345
30,30,28,5,60,012345
23,23,23,5,60,012345
17,17,19,5,60,012345
13,13,15,5,60,012345
10,12,57,8,60,012345
8,11,51,5,60,012345
6,8,43,5,60,012345
5,6,34,5,60,012345
6,6,27,5,60,012345
7,6,29,5,60,012345
7,6,24,5,60,012345
6,5,20,5,60,012345
5,4,15,5,60,012345
4,3,12,5,60,012345
7,9,17,5,60,012345
7,10,19,5,60,012345
7,11,27,5,60,012345
8,13,36,5,60,012345
10,22,49,5,60,012345
15,32,58,7,60,012345
22,41,71,11,60,012345
33,52,79,18,60,012345
45,63,85,25,60,012345
55,69,97,37,60,012345
67,77,113,46,60,012345
81,90,131,58,60,012345
100,95,151,75,60,012345
112,104,168,95,60,012345
148,141,176,111,60,012345
166,167,158,113,60,012345
175,181,147,119,60,012345
181,190,137,123,60,012345
188,192,135,130,60,012345
191,199,132,136,60,012345
190,202,128,137,60,012345
191,203,130,139,60,012345
194,207,132,141,60,012345
192,211,132,140,60,012345
188,217,129,139,60,012345
193,219,129,140,60,012345
191,213,127,140,60,012345
201,212,126,139,60,012345
184,190,155,166,60,012345
172,185,149,154,60,012345
177,194,145,148,60,012345
164,172,166,172,60,012345
163,183,148,156,60,012345
161,184,136,141,60,012345
148,168,141,130,60,012345
141,165,130,117,60,012345
153,172,118,119,60,012345
164,163,111,115,60,012345
179,163,106,117,60,012345
182,176,108,121,60,012345
173,185,112,123,60,012345
162,190,112,120,60,012345
149,181,114,115,60,012345
140,175,114,111,60,012345
154,173,110,112,60,012345
138,165,110,107,60,012345
159,186,111,112,60,012345
182,195,106,116,60,012345
182,201,103,117,60,012345
175,194,100,109,60,012345
160,184,94,100,60,012345
146,183,89,99,60,012345
156,181,112,116,60,012345
166,169,116,123,60,012345
182,175,109,120,60,012345
179,179,104,117,60,012345
168,174,100,109,60,012345
153,174,102,102,60,012345
132,167,97,90,60,012345
132,170,95,90,60,012345
133,161,130,124,60,012345
134,170,125,129,60,012345
146,183,125,134,60,012345
144,166,154,162,60,012345
154,161,143,145,60,012345
163,157,140,140,60,012345
168,161,138,137,60,012345
167,157,140,133,60,012345
158,162,144,139,60,012345
144,158,142,137,60,012345
154,173,140,142,60,012345
161,178,133,138,60,012345
159,183,134,136,60,012345
153,198,130,137,60,012345
144,203,124,133,60,012345
129,197,123,126,60,012345
119,184,148,129,60,012345
108,173,146,125,60,012345
144,192,136,129,60,012345
164,188,121,118,60,012345
157,180,114,106,60,012345
148,172,114,98,60,012345
131,160,114,90,60,012345
117,150,116,88,60,012345
108,147,124,93,60,012345
94,145,125,93,60,012345
122,156,127,99,60,012345
119,150,139,105,60,012345
107,139,139,100,60,012345
105,142,149,105,60,012345
93,138,145,102,60,012345
114,158,145,107,60,012345
122,155,164,135,60,012345
129,164,154,137,60,012345
141,179,147,136,60,012345
138,159,170,163,60,012345
150,158,160,157,60,012345
163,157,151,148,60,012345
171,158,139,139,60,012345
175,161,119,128,60,012345
178,166,113,129,60,012345
160,165,114,124,60,012345
169,182,118,128,60,012345
170,188,119,130,60,012345
164,189,117,134,60,012345
159,193,121,136,60,012345
152,188,121,137,60,012345
139,182,122,132,60,012345
128,182,118,126,60,012345
112,176,114,116,60,012345
148,196,115,120,60,012345
169,201,112,118,60,012345
165,190,115,111,60,012345
160,189,117,108,60,012345
146,181,116,102,60,012345
135,175,120,103,60,012345
130,167,143,119,60,012345
124,165,147,122,60,012345
141,166,135,113,60,012345
140,168,128,105,60,012345
130,172,136,107,60,012345
130,169,130,103,60,012345
121,168,132,101,60,012345
119,166,133,103,60,012345
113,161,127,98,60,012345
106,159,131,98,60,012345
122,176,144,107,60,012345
114,153,167,139,60,012345
112,147,165,125,60,012345
113,145,160,114,60,012345
108,139,155,112,60,012345
109,132,161,112,60,012345
113,131,165,116,60,012345
112,131,166,120,60,012345
133,137,165,118,60,012345
138,145,153,117,60,012345
140,143,143,106,60,012345
139,147,139,98,60,012345
135,139,136,93,60,012345
133,137,136,94,60,012345
130,132,155,109,60,012345
123,128,162,120,60,012345
155,160,150,125,60,012345
176,181,129,121,60,012345
177,192,119,123,60,012345
177,200,109,119,60,012345
172,206,105,124,60,012345
163,209,103,124,60,012345
158,212,105,126,60,012345
157,207,111,125,60,012345
165,213,118,132,60,012345
160,214,120,128,60,012345
159,215,122,128,60,012345
163,219,124,126,60,012345
165,219,118,122,60,012345
174,218,119,124,60,012345
163,197,152,153,60,012345
151,185,147,145,60,012345
159,195,148,140,60,012345
148,181,171,166,60,012345
146,194,151,150,60,012345
143,182,145,136,60,012345
125,163,142,119,60,012345
118,160,125,104,60,012345
129,173,110,105,60,012345
120,159,106,95,60,012345
137,168,107,100,60,012345
146,186,105,107,60,012345
146,198,103,112,60,012345
140,205,102,108,60,012345
127,193,105,102,60,012345
132,181,104,96,60,012345
129,176,104,98,60,012345
112,166,102,91,60,012345
143,188,103,98,60,012345
167,196,100,102,60,012345
169,201,98,105,60,012345
168,194,93,97,60,012345
148,185,91,89,60,012345
152,183,90,90,60,012345
167,169,110,106,60,012345
173,162,115,115,60,012345
191,167,111,118,60,012345
185,172,105,110,60,012345
163,170,103,100,60,012345
148,161,111,94,60,012345
126,154,107,83,60,012345
122,163,102,82,60,012345
122,155,137,118,60,012345
126,162,132,129,60,012345
153,171,128,130,60,012345
150,158,157,158,60,012345
159,157,145,143,60,012345
166,161,145,140,60,012345
172,156,142,133,60,012345
172,154,140,129,60,012345
165,158,147,141,60,012345
148,151,142,139,60,012345
159,168,134,139,60,012345
162,181,127,135,60,012345
156,187,124,135,60,012345
152,198,119,136,60,012345
143,194,118,128,60,012345
132,186,125,123,60,012345
122,177,152,131,60,012345
111,162,152,127,60,012345
143,185,145,130,60,012345
159,187,134,122,60,012345
152,180,134,112,60,012345
148,168,135,106,60,012345
133,155,135,99,60,012345
119,148,138,97,60,012345
110,143,139,99,60,012345
102,140,143,97,60,012345
125,148,139,98,60,012345
125,153,143,99,60,012345
113,148,142,97,60,012345
116,148,138,95,60,012345
101,151,136,98,60,012345
121,177,131,109,60,012345
124,172,157,134,60,012345
130,171,150,136,60,012345
145,192,142,139,60,012345
148,175,166,165,60,012345
164,169,159,160,60,012345
174,168,153,155,60,012345
176,172,139,147,60,012345
183,162,118,130,60,012345
176,167,111,129,60,012345
154,163,109,121,60,012345
164,182,112,129,60,012345
164,185,114,131,60,012345
158,191,118,135,60,012345
158,184,119,131,60,012345
148,183,118,136,60,012345
136,179,121,133,60,012345
130,176,118,124,60,012345
124,173,118,119,60,012345
157,194,124,124,60,012345
173,198,124,120,60,012345
165,190,121,113,60,012345
153,184,121,107,60,012345
135,175,123,101,60,012345
119,162,128,102,60,012345
110,153,141,115,60,012345
96,147,138,115,60,012345
114,160,132,113,60,012345
117,157,133,109,60,012345
106,153,133,105,60,012345
102,148,132,101,60,012345
91,144,129,95,60,012345
89,149,129,96,60,012345
84,147,125,94,60,012345
76,144,126,90,60,012345
104,166,139,105,60,012345
102,158,159,137,60,012345
120,173,154,135,60,012345
129,185,148,136,60,012345
132,187,143,135,60,012345
135,190,145,138,60,012345
141,197,151,143,60,012345
145,206,157,153,60,012345
155,212,156,155,60,012345
161,210,145,151,60,012345
168,206,136,137,60,012345
176,200,130,130,60,012345
173,196,122,126,60,012345
173,193,119,124,60,012345
173,187,135,136,60,012345
174,182,146,147,60,012345
194,198,136,147,60,012345
203,200,128,142,60,012345
198,190,125,133,60,012345
199,181,123,125,60,012345
185,172,114,118,60,012345
178,162,110,117,60,012345
173,160,112,115,60,012345
163,151,114,114,60,012345
174,157,114,119,60,012345
164,154,118,114,60,012345
138,148,121,106,60,012345
126,146,122,99,60,012345
113,146,118,91,60,012345
113,153,115,92,60,012345
111,149,147,127,60,012345
120,159,140,128,60,012345
137,176,134,126,60,012345
125,161,155,155,60,012345
116,162,137,139,60,012345
109,165,131,125,60,012345
92,146,132,109,60,012345
90,148,120,96,60,012345
90,157,110,97,60,012345
80,147,107,87,60,012345
102,166,106,94,60,012345
115,176,101,100,60,012345
112,180,96,107,60,012345
113,181,92,108,60,012345
101,171,92,101,60,012345
104,170,92,93,60,012345
104,159,92,90,60,012345
114,147,94,87,60,012345
149,174,97,98,60,012345
163,184,98,102,60,012345
160,182,95,99,60,012345
156,180,87,92,60,012345
149,185,84,90,60,012345
133,189,80,89,60,012345
117,180,103,102,60,012345
106,170,104,102,60,012345
133,187,98,105,60,012345
134,190,92,111,60,012345
125,187,97,105,60,012345
119,181,101,95,60,012345
99,165,98,79,60,012345
104,179,96,85,60,012345
95,164,136,121,60,012345
86,156,130,118,60,012345
109,178,127,128,60,012345
102,168,155,156,60,012345
110,177,144,144,60,012345
118,181,141,144,60,012345
124,177,138,137,60,012345
126,181,137,136,60,012345
131,181,145,147,60,012345
130,184,140,152,60,012345
145,189,134,154,60,012345
153,194,134,148,60,012345
156,193,132,146,60,012345
163,188,126,142,60,012345
169,181,119,138,60,012345
177,172,122,139,60,012345
180,162,143,141,60,012345
185,155,145,145,60,012345
202,179,137,148,60,012345
207,180,123,136,60,012345
206,174,122,128,60,012345
202,162,122,122,60,012345
186,154,123,116,60,012345
178,144,129,115,60,012345
164,144,135,118,60,012345
146,150,135,120,60,012345
155,154,134,118,60,012345
157,162,143,120,60,012345
159,160,136,114,60,012345
141,150,146,111,60,012345
119,142,141,103,60,012345
131,163,134,109,60,012345
124,162,162,141,60,012345
114,166,155,140,60,012345
128,183,145,139,60,012345
116,167,173,165,60,012345
108,174,157,158,60,012345
106,167,160,148,60,012345
94,152,166,134,60,012345
94,166,166,135,60,012345
95,179,164,137,60,012345
96,176,155,131,60,012345
108,176,156,128,60,012345
115,179,150,127,60,012345
107,177,143,127,60,012345
110,179,145,124,60,012345
98,166,148,118,60,012345
97,176,152,121,60,012345
98,181,156,126,60,012345
93,168,146,118,60,012345
133,190,139,124,60,012345
154,197,139,127,60,012345
152,200,131,119,60,012345
149,199,132,120,60,012345
140,191,145,120,60,012345
133,184,141,117,60,012345
136,173,154,134,60,012345
122,156,140,114,60,012345
150,163,141,115,60,012345
154,165,141,117,60,012345
146,169,137,118,60,012345
145,173,150,122,60,012345
130,162,149,117,60,012345
131,157,151,113,60,012345
126,167,151,118,60,012345
118,155,153,116,60,012345
104,144,157,108,60,012345
80,115,120,64,60,012345
62,94,91,38,60,012345
48,77,69,21,60,012345
37,64,54,12,60,012345
29,53,41,6,60,012345
23,44,33,5,60,012345
18,38,26,5,60,012345
15,33,22,5,60,012345
14,28,21,5,60,012345
13,26,21,5,60,012345
16,28,24,5,60,012345
21,31,29,5,60,012345
28,42,39,5,60,012345
39,61,50,7,60,012345
63,89,59,17,60,012345
111,131,68,38,60,012345
141,161,75,58,60,012345
164,175,84,75,60,012345
171,183,89,88,60,012345
179,185,95,100,60,012345
181,188,100,109,60,012345
181,193,102,115,60,012345
181,191,105,119,60,012345
186,200,110,123,60,012345
187,208,112,126,60,012345
184,208,110,126,60,012345
187,209,113,128,60,012345
184,205,111,126,60,012345
191,203,107,124,60,012345
178,183,139,153,60,012345
175,178,135,146,60,012345
183,191,133,144,60,012345
169,174,156,169,60,012345
160,178,142,153,60,012345
156,177,138,139,60,012345
143,163,144,128,60,012345
135,157,137,119,60,012345
146,163,127,118,60,012345
155,160,125,119,60,012345
166,158,123,119,60,012345
169,171,118,121,60,012345
157,180,116,122,60,012345
150,187,112,120,60,012345
138,176,110,111,60,012345
132,170,108,106,60,012345
145,166,105,107,60,012345
128,155,105,98,60,012345
152,177,106,104,60,012345
175,185,105,109,60,012345
172,191,100,111,60,012345
166,192,95,107,60,012345
149,178,93,94,60,012345
136,173,90,92,60,012345
145,168,112,107,60,012345
155,156,115,113,60,012345
176,154,112,112,60,012345
172,166,109,113,60,012345
157,168,107,110,60,012345
145,167,113,103,60,012345
126,159,110,90,60,012345
127,165,110,89,60,012345
130,156,141,124,60,012345
134,160,135,127,60,012345
147,170,133,132,60,012345
148,155,160,160,60,012345
158,156,149,145,60,012345
162,159,144,143,60,012345
169,160,139,139,60,012345
168,154,138,132,60,012345
161,150,145,137,60,012345
144,150,143,138,60,012345
155,165,142,142,60,012345
158,171,138,140,60,012345
158,177,136,136,60,012345
158,193,135,137,60,012345
150,190,132,129,60,012345
139,184,130,121,60,012345
130,165,155,129,60,012345
114,156,157,126,60,012345
149,180,146,128,60,012345
167,182,135,120,60,012345
164,181,131,111,60,012345
153,172,130,104,60,012345
136,157,128,95,60,012345
120,150,123,89,60,012345
110,144,121,90,60,012345
98,138,122,87,60,012345
119,147,120,93,60,012345
119,141,124,91,60,012345
107,138,127,90,60,012345
109,137,133,91,60,012345
95,130,129,87,60,012345
112,152,134,94,60,012345
120,152,159,126,60,012345
123,158,148,131,60,012345
129,172,133,122,60,012345
133,159,157,152,60,012345
149,157,135,136,60,012345
159,149,113,116,60,012345
173,141,90,101,60,012345
174,139,70,89,60,012345
177,138,53,78,60,012345
154,136,41,72,60,012345
154,154,32,71,60,012345
151,158,25,73,60,012345
145,165,19,77,60,012345
138,166,15,76,60,012345
134,166,11,76,60,012345
117,160,9,62,60,012345
97,143,7,46,60,012345
80,121,5,32,60,012345
64,108,5,22,60,012345
53,98,4,20,60,012345
42,89,3,15,60,012345
34,84,2,13,60,012345
28,75,2,10,60,012345
23,71,1,8,60,012345
18,70,1,8,60,012345
15,69,1,7,60,012345
12,61,1,5,60,012345
10,57,0,5,60,012345
7,51,0,5,60,012345
6,47,0,5,60,012345
4,40,0,5,60,012345
3,38,0,5,60,012345
2,34,0,5,60,012345
2,30,0,5,60,012345
1,25,0,5,60,012345
1,23,0,5,60,012345
1,19,0,5,60,012345
1,16,0,5,60,012345
0,13,0,5,60,012345
0,11,0,5,60,012345
0,10,0,5,60,012345
0,9,0,5,60,012345
0,8,0,5,60,012345
0,7,0,5,60,012345
0,5,0,5,60,012345
0,4,0,5,60,012345
0,3,0,5,60,012345
0,2,0,5,60,012345
0,2,0,5,60,012345
0,1,0,5,60,012345
0,1,0,5,60,012345
0,1,0,5,60,012345
0,1,0,5,60,012345
0,0,0,5,60,012345
0,0,0,5,60,012345
0,0,0,5,60,012345
0,0,0,5,60,012345
0,0,0,5,60,012345
0,0,0,5,60,012345
0,0,0,5,60,012345
0,0,0,5,60,012345
0,0,0,5,60,012345
0,0,0,5,60,012345
0,0,0,5,60,012345
0,0,0,5,60,012345
0,0,0,5,60,012345
0,0,0,5,60,012345
0,0,0,5,60,012345
0,0,0,5,60,012345
0,0,0,5,60,012345
0,0,0,5,60,012345
0,0,0,5,60,012345
0,0,0,5,60,012345
0,0,0,5,60,012345
0,0,0,5,60,012345
0,0,0,5,60,012345
0,0,0,5,60,012345
0,0,0,5,60,012345
0,0,0,5,60,012345
0,0,0,5,60,012345
0,0,0,5,60,012345
0,0,0,5,60,012345
0,0,0,5,60,012345
0,0,0,5,60,012345
0,0,0,5,60,012345
0,0,0,5,60,012345
0,0,0,5,60,012345
0,0,0,5,60,012345
0,0,0,5,60,012345
0,0,0,5,60,012345
0,0,0,5,60,012345
0,0,0,5,60,012345
0,0,0,5,60,012345
0,0,0,5,60,012345
0,0,0,5,60,012345
0,0,0,5,60,012345
0,0,0,5,60,012345
0,0,0,5,60,012345
0,0,0,5,60,012345
0,0,0,5,60,012345
0,0,0,5,60,012345
0,0,0,5,60,012345
0,0,0,5,60,012345
0,0,0,5,60,012345
0,0,0,5,60,012345
0,0,0,5,60,012345
0,0,0,5,60,012345
0,0,0,5,60,012345
0,0,0,5,60,012345
0,0,0,5,60,012345
0,0,0,5,60,012345
0,0,0,5,60,012345
0,0,0,5,60,012345
0,0,0,5,60,012345
0,0,0,5,60,012345
0,0,0,5,60,012345
0,0,0,5,60,012345
0,0,0,5,60,012345
0,0,0,5,60,012345
0,0,0,5,60,012345
0,0,0,5,60,012345
0,0,0,5,60,012345
0,0,0,5,60,012345
0,0,0,5,60,012345
0,0,0,5,60,012345
0,0,0,5,60,012345
0,0,0,5,60,012345
0,0,0,5,60,012345
0,0,0,5,60,012345
0,0,0,5,60,012345
0,0,0,5,60,012345
0,0,0,5,60,012345
0,0,0,5,60,012345
0,0,0,5,60,012345
0,0,0,5,60,012345
0,0,0,5,60,012345
0,0,0,5,60,012345
0,0,0,5,60,012345
0,0,0,5,60,012345
0,0,0,5,60,012345
0,0,0,5,60,012345
0,0,0,5,60,012345
0,0,0,5,60,012345
0,0,0,5,60,012345
0,0,0,5,60,012345
0,0,0,5,60,012345
0,0,0,5,60,012345
