0,0,0,18,60,012345
0,0,0,18,60,012345
0,0,0,18,60,012345
0,0,0,18,60,012345
0,0,0,18,60,012345
0,0,0,18,60,012345
0,0,0,18,60,012345
0,0,0,18,60,012345
0,0,0,18,60,012345
0,0,0,18,60,012345
0,0,0,18,60,012345
0,0,0,18,60,012345
0,0,0,18,60,012345
0,0,0,18,60,012345
0,0,0,18,60,012345
0,0,0,18,60,012345
0,0,0,18,60,012345
0,0,0,18,60,012345
0,0,0,18,60,012345
0,0,0,18,60,012345
0,0,0,18,60,012345
0,0,0,18,60,012345
0,0,0,18,60,012345
0,0,0,18,60,012345
0,0,0,18,60,012345
0,0,0,18,60,012345
0,0,0,18,60,012345
0,0,0,18,60,012345
0,0,0,18,60,012345
0,0,0,18,60,012345
0,0,0,18,60,012345
0,0,0,18,60,012345
0,0,0,18,60,012345
0,0,0,18,60,012345
0,0,0,18,60,012345
0,0,0,18,60,012345
0,0,0,18,60,012345
0,0,0,18,60,012345
0,0,0,18,60,012345
0,0,0,18,60,012345
0,0,0,18,60,012345
0,0,0,18,60,012345
0,0,0,18,60,012345
0,0,0,18,60,012345
0,0,0,18,60,012345
0,0,0,18,60,012345
0,0,0,18,60,012345
0,0,0,18,60,012345
0,0,0,18,60,012345
0,0,0,18,60,012345
0,0,0,18,60,012345
0,0,0,18,60,012345
0,0,0,18,60,012345
0,0,0,18,60,012345
0,0,0,18,60,012345
0,0,0,18,60,012345
0,0,0,18,60,012345
0,0,0,18,60,012345
0,0,0,18,60,012345
0,0,0,18,60,012345
0,0,0,18,60,012345
0,0,0,18,60,012345
0,0,0,18,60,012345
0,0,0,18,60,012345
0,0,0,18,60,012345
0,0,0,18,60,012345
0,0,0,18,60,012345
0,0,0,18,60,012345
0,0,0,18,60,012345
0,0,0,18,60,012345
0,0,0,18,60,012345
0,0,0,18,60,012345
0,0,0,18,60,012345
0,0,0,18,60,012345
0,0,0,18,60,012345
0,0,0,18,60,012345
0,0,0,18,60,012345
0,0,0,18,60,012345
0,0,0,18,60,012345
0,0,0,18,60,012345
0,0,0,18,60,012345
0,0,0,18,60,012345
0,0,0,18,60,012345
0,0,0,18,60,012345
0,0,0,18,60,012345
0,0,0,18,60,012345
0,0,0,18,60,012345
0,0,0,18,60,012345
0,0,0,18,60,012345
0,0,0,18,60,012345
0,0,0,18,60,012345
0,0,0,18,60,012345
0,0,0,18,60,012345
0,0,0,18,60,012345
0,0,0,18,60,012345
0,0,0,18,60,012345
0,0,0,18,60,012345
0,0,0,18,60,012345
0,0,0,18,60,012345
0,0,0,18,60,012345
0,0,0,18,60,012345
0,0,0,18,60,012345
0,0,0,18,60,012345
0,0,0,18,60,012345
0,0,0,18,60,012345
0,0,0,18,60,012345
0,0,0,18,60,012345
0,0,0,18,60,012345
0,0,0,18,60,012345
0,0,0,18,60,012345
0,0,0,18,60,012345
0,0,0,18,60,012345
0,0,0,18,60,012345
0,0,0,18,60,012345
0,0,0,18,60,012345
0,0,0,18,60,012345
0,0,0,18,60,012345
0,0,0,18,60,012345
0,0,0,18,60,012345
0,0,0,18,60,012345
0,0,0,18,60,012345
0,0,0,18,60,012345
0,0,0,18,60,012345
0,0,0,18,60,012345
0,0,0,18,60,012345
0,0,0,18,60,012345
0,0,0,18,60,012345
0,0,0,18,60,012345
0,0,0,18,60,012345
0,0,0,18,60,012345
0,0,0,18,60,012345
0,0,0,18,60,012345
0,0,0,18,60,012345
0,0,0,18,60,012345
0,0,0,18,60,012345
0,0,0,18,60,012345
0,0,0,18,60,012345
0,0,0,18,60,012345
0,0,0,18,60,012345
0,0,0,18,60,012345
0,0,0,18,60,012345
0,0,0,18,60,012345
0,0,0,18,60,012345
0,0,0,18,60,012345
0,0,0,18,60,012345
0,0,0,18,60,012345
0,0,0,18,60,012345
0,0,0,18,60,012345
0,0,0,18,60,012345
0,0,0,18,60,012345
0,0,0,18,60,012345
6,38,2,26,60,012345
5,45,4,47,60,012345
4,40,4,46,60,012345
4,37,4,45,60,012345
3,32,3,41,60,012345
4,62,4,59,60,012345
4,62,5,67,60,012345
4,55,5,64,60,012345
3,46,5,56,60,012345
3,40,4,52,60,012345
4,64,5,64,60,012345
4,64,6,70,60,012345
4,60,6,68,60,012345
3,50,5,58,60,012345
3,43,4,52,60,012345
3,50,4,59,60,012345
3,55,5,70,60,012345
3,50,6,64,60,012345
3,43,5,57,60,012345
2,36,4,47,60,012345
2,38,4,54,60,012345
2,46,5,65,60,012345
2,44,5,60,60,012345
2,37,5,52,60,012345
2,32,4,44,60,012345
2,29,3,46,60,012345
2,41,4,62,60,012345
2,41,5,62,60,012345
2,35,4,53,60,012345
2,29,4,42,60,012345
1,26,3,37,60,012345
2,40,4,56,60,012345
3,42,5,58,60,012345
3,51,7,59,60,012345
2,42,6,49,60,012345
2,35,5,42,60,012345
3,51,5,57,60,012345
2,47,6,54,60,012345
3,63,10,63,60,012345
3,62,9,66,60,012345
3,56,8,63,60,012345
3,48,7,55,60,012345
2,42,6,47,60,012345
2,35,5,40,60,012345
2,28,4,32,60,012345
1,24,3,28,60,012345
3,50,5,42,60,012345
3,49,6,49,60,012345
2,43,5,45,60,012345
2,36,4,38,60,012345
2,31,4,33,60,012345
3,54,6,44,60,012345
2,54,6,51,60,012345
2,46,6,46,60,012345
2,38,5,39,60,012345
1,32,4,33,60,012345
3,53,6,43,60,012345
2,54,6,51,60,012345
2,48,6,49,60,012345
2,40,5,42,60,012345
2,34,4,37,60,012345
3,51,6,47,60,012345
2,53,6,55,60,012345
2,48,6,54,60,012345
2,41,5,47,60,012345
2,34,4,40,60,012345
2,39,4,46,60,012345
2,45,5,54,60,012345
2,43,5,52,60,012345
2,36,5,44,60,012345
1,31,4,38,60,012345
1,30,4,42,60,012345
1,37,4,50,60,012345
2,37,4,50,60,012345
1,44,7,55,60,012345
1,37,6,47,60,012345
1,32,5,43,60,012345
1,37,5,49,60,012345
1,34,5,45,60,012345
3,70,11,63,60,012345
3,69,11,72,60,012345
3,64,9,74,60,012345
4,58,8,72,60,012345
3,49,6,62,60,012345
3,43,5,56,60,012345
2,38,4,51,60,012345
2,32,3,43,60,012345
3,49,4,59,60,012345
3,49,5,65,60,012345
3,44,4,63,60,012345
2,38,4,55,60,012345
2,33,3,48,60,012345
3,52,4,58,60,012345
3,50,5,61,60,012345
3,44,4,55,60,012345
2,36,4,47,60,012345
2,31,3,40,60,012345
3,51,4,50,60,012345
3,51,5,58,60,012345
2,44,4,53,60,012345
2,36,3,46,60,012345
1,30,3,38,60,012345
3,53,4,49,60,012345
3,54,5,59,60,012345
2,48,5,57,60,012345
2,40,4,51,60,012345
2,34,3,42,60,012345
3,51,4,50,60,012345
3,51,5,59,60,012345
3,45,5,56,60,012345
2,38,4,50,60,012345
2,33,4,43,60,012345
3,45,4,51,60,012345
3,49,5,61,60,012345
3,47,5,63,60,012345
2,46,5,66,60,012345
2,39,4,55,60,012345
2,38,4,56,60,012345
2,43,4,65,60,012345
2,41,5,63,60,012345
3,68,8,76,60,012345
3,67,8,80,60,012345
3,65,6,81,60,012345
3,59,5,76,60,012345
3,49,4,64,60,012345
2,42,3,55,60,012345
2,35,3,46,60,012345
2,29,2,43,60,012345
2,41,3,58,60,012345
2,44,3,62,60,012345
2,39,3,56,60,012345
2,34,3,48,60,012345
1,29,2,42,60,012345
2,42,3,57,60,012345
2,44,3,61,60,012345
2,41,3,59,60,012345
1,36,3,51,60,012345
1,31,2,44,60,012345
2,46,3,57,60,012345
2,47,4,60,60,012345
1,41,3,56,60,012345
1,35,3,48,60,012345
1,30,2,41,60,012345
2,50,4,54,60,012345
2,51,4,60,60,012345
2,46,4,57,60,012345
1,38,3,50,60,012345
1,32,3,41,60,012345
2,55,4,53,60,012345
2,57,5,61,60,012345
8,54,5,61,60,012345
6,46,4,56,60,012345
6,42,17,73,60,012345
42,71,17,89,60,012345
61,86,14,110,60,012345
70,87,12,115,60,012345
70,80,10,108,60,012345
70,65,8,95,60,012345
72,100,9,108,60,012345
77,98,9,114,60,012345
81,97,9,121,60,012345
92,92,7,117,60,012345
78,86,6,103,60,012345
83,128,18,135,60,012345
72,149,35,164,60,012345
62,153,46,177,60,012345
55,149,53,181,60,012345
47,140,57,171,60,012345
42,140,53,169,60,012345
42,149,47,175,60,012345
42,146,40,168,60,012345
44,133,34,153,60,012345
34,109,29,125,60,012345
28,96,24,118,60,012345
45,125,22,138,60,012345
42,123,18,143,60,012345
39,117,15,135,60,012345
34,104,12,115,60,012345
29,94,10,120,60,012345
35,134,29,157,60,012345
34,155,39,170,60,012345
33,152,43,165,60,012345
45,137,46,155,60,012345
50,123,47,143,60,012345
60,129,47,149,60,012345
76,120,43,148,60,012345
80,109,38,141,60,012345
65,96,34,123,60,012345
59,101,29,122,60,012345
51,117,24,128,60,012345
42,114,21,127,60,012345
36,111,18,123,60,012345
34,110,15,129,60,012345
41,103,14,127,60,012345
51,141,36,163,60,012345
61,142,46,168,60,012345
74,134,54,170,60,012345
78,134,58,172,60,012345
71,135,58,168,60,012345
94,142,51,158,60,012345
126,123,45,150,60,012345
131,107,39,141,60,012345
115,121,34,152,60,012345
98,124,28,153,60,012345
92,157,47,182,60,012345
87,168,59,198,60,012345
84,168,60,197,60,012345
89,160,59,193,60,012345
98,147,55,184,60,012345
101,152,51,182,60,012345
102,144,45,173,60,012345
86,130,39,154,60,012345
76,116,34,133,60,012345
67,101,28,111,60,012345
56,95,25,103,60,012345
47,91,22,99,60,012345
40,81,19,87,60,012345
34,68,16,73,60,012345
28,57,13,61,60,012345
23,69,20,90,60,012345
20,94,33,122,60,012345
18,102,37,130,60,012345
16,101,40,127,60,012345
14,96,39,120,60,012345
13,86,37,110,60,012345
12,86,34,107,60,012345
12,79,30,98,60,012345
12,68,27,83,60,012345
14,57,23,69,60,012345
15,49,19,60,60,012345
17,58,17,68,60,012345
16,56,15,67,60,012345
13,49,13,58,60,012345
11,42,10,49,60,012345
43,42,9,58,60,012345
55,90,33,116,60,012345
71,108,43,142,60,012345
63,111,49,150,60,012345
66,111,51,156,60,012345
59,114,50,159,60,012345
51,129,43,158,60,012345
71,116,36,140,60,012345
116,115,32,149,60,012345
108,123,27,152,60,012345
102,122,22,157,60,012345
98,140,45,182,60,012345
94,142,56,192,60,012345
91,146,62,192,60,012345
77,137,64,180,60,012345
64,124,61,161,60,012345
67,155,56,164,60,012345
61,158,48,164,60,012345
49,133,39,142,60,012345
59,120,31,130,60,012345
73,108,24,131,60,012345
83,117,24,137,60,012345
85,114,21,142,60,012345
84,109,18,142,60,012345
83,111,15,133,60,012345
74,102,13,117,60,012345
79,141,27,146,60,012345
67,153,38,168,60,012345
56,152,41,169,60,012345
52,159,44,171,60,012345
58,164,43,173,60,012345
65,154,42,167,60,012345
60,140,39,155,60,012345
57,120,34,138,60,012345
59,124,28,131,60,012345
57,122,23,132,60,012345
49,108,19,123,60,012345
43,111,18,125,60,012345
36,102,17,113,60,012345
36,104,14,120,60,012345
32,101,12,120,60,012345
33,102,12,132,60,012345
31,118,35,159,60,012345
31,117,44,158,60,012345
72,135,52,169,60,012345
84,132,52,170,60,012345
90,133,50,167,60,012345
76,132,46,163,60,012345
65,129,41,156,60,012345
70,156,38,163,60,012345
74,160,31,167,60,012345
69,154,26,168,60,012345
69,177,37,196,60,012345
67,175,41,199,60,012345
66,171,42,198,60,012345
68,163,39,193,60,012345
73,146,34,186,60,012345
78,147,29,180,60,012345
85,141,26,175,60,012345
92,130,22,163,60,012345
81,118,18,146,60,012345
65,100,15,123,60,012345
57,107,15,115,60,012345
47,98,15,108,60,012345
39,84,14,97,60,012345
32,70,13,83,60,012345
27,58,11,68,60,012345
24,107,24,104,60,012345
21,116,31,124,60,012345
19,112,32,124,60,012345
18,104,32,118,60,012345
19,92,28,106,60,012345
21,101,27,105,60,012345
24,97,26,104,60,012345
27,88,22,96,60,012345
27,76,20,85,60,012345
23,63,18,78,60,012345
51,77,16,94,60,012345
54,86,16,100,60,012345
47,88,15,104,60,012345
43,80,14,98,60,012345
40,74,12,92,60,012345
37,103,22,121,60,012345
44,137,37,154,60,012345
41,152,45,173,60,012345
40,158,51,182,60,012345
42,142,54,171,60,012345
51,126,52,163,60,012345
58,129,46,161,60,012345
51,132,40,159,60,012345
60,112,32,138,60,012345
60,93,27,116,60,012345
69,90,23,127,60,012345
66,131,40,161,60,012345
58,141,50,173,60,012345
51,139,55,170,60,012345
42,122,58,154,60,012345
35,111,53,139,60,012345
46,121,43,145,60,012345
55,108,36,132,60,012345
70,101,30,123,60,012345
54,86,27,105,60,012345
45,77,23,97,60,012345
97,110,25,128,60,012345
100,108,22,132,60,012345
92,108,18,133,60,012345
73,88,14,110,60,012345
60,75,12,93,60,012345
52,120,32,133,60,012345
52,140,39,147,60,012345
52,142,44,150,60,012345
48,127,47,142,60,012345
50,128,50,135,60,012345
62,159,49,146,60,012345
56,158,46,160,60,012345
51,149,40,162,60,012345
41,126,34,143,60,012345
36,117,28,131,60,012345
37,142,23,131,60,012345
45,124,21,123,60,012345
37,100,19,101,60,012345
40,109,18,108,60,012345
46,116,15,118,60,012345
90,150,28,143,60,012345
98,153,39,154,60,012345
92,139,42,149,60,012345
90,140,44,153,60,012345
105,137,46,157,60,012345
116,136,43,165,60,012345
98,135,36,158,60,012345
82,124,29,139,60,012345
81,155,27,148,60,012345
73,153,23,154,60,012345
73,167,29,172,60,012345
70,174,46,195,60,012345
67,173,50,199,60,012345
64,168,52,197,60,012345
64,155,48,188,60,012345
68,142,43,182,60,012345
66,135,40,170,60,012345
71,123,35,158,60,012345
78,109,32,147,60,012345
68,97,27,129,60,012345
66,88,23,123,60,012345
113,101,20,129,60,012345
99,92,17,112,60,012345
78,75,14,91,60,012345
62,63,11,74,60,012345
50,52,9,76,60,012345
41,87,31,120,60,012345
34,96,39,133,60,012345
28,93,43,129,60,012345
22,89,44,122,60,012345
18,81,41,111,60,012345
16,90,38,110,60,012345
17,83,33,103,60,012345
19,71,30,89,60,012345
24,61,25,76,60,012345
29,55,21,66,60,012345
29,79,19,78,60,012345
30,79,18,82,60,012345
28,72,15,81,60,012345
26,66,12,82,60,012345
22,66,10,88,60,012345
75,113,27,125,60,012345
80,146,33,151,60,012345
71,151,35,169,60,012345
60,149,35,174,60,012345
52,145,32,178,60,012345
48,156,28,184,60,012345
41,147,26,171,60,012345
33,118,22,141,60,012345
34,137,21,148,60,012345
44,138,19,160,60,012345
53,148,20,166,60,012345
56,154,25,172,60,012345
58,149,29,170,60,012345
50,141,34,159,60,012345
42,130,34,145,60,012345
37,125,35,137,60,012345
42,132,36,138,60,012345
48,123,37,134,60,012345
53,115,37,129,60,012345
58,119,36,129,60,012345
73,117,36,135,60,012345
83,112,36,140,60,012345
88,107,36,143,60,012345
90,103,34,142,60,012345
97,98,33,139,60,012345
99,89,31,126,60,012345
93,85,28,118,60,012345
87,89,27,117,60,012345
72,86,26,109,60,012345
80,86,25,107,60,012345
89,97,24,123,60,012345
86,100,23,126,60,012345
79,101,22,127,60,012345
73,101,21,127,60,012345
64,98,20,118,60,012345
62,85,19,103,60,012345
55,77,18,92,60,012345
84,75,18,93,60,012345
74,80,17,94,60,012345
69,75,17,90,60,012345
59,94,16,99,60,012345
54,97,15,107,60,012345
54,102,14,111,60,012345
50,94,13,103,60,012345
44,86,13,98,60,012345
47,96,12,113,60,012345
44,95,11,124,60,012345
45,98,11,136,60,012345
41,98,11,150,60,012345
39,100,10,163,60,012345
35,91,10,141,60,012345
33,125,19,141,60,012345
50,146,24,151,60,012345
54,156,27,157,60,012345
56,162,29,163,60,012345
63,168,31,168,60,012345
66,173,34,175,60,012345
69,169,36,175,60,012345
72,160,36,173,60,012345
74,154,35,171,60,012345
61,144,34,157,60,012345
50,130,33,142,60,012345
41,115,32,125,60,012345
37,103,31,114,60,012345
33,99,30,110,60,012345
31,93,29,104,60,012345
27,88,28,99,60,012345
23,82,28,93,60,012345
21,77,28,91,60,012345
19,75,27,89,60,012345
21,96,26,100,60,012345
22,110,25,112,60,012345
27,127,25,127,60,012345
40,133,24,133,60,012345
41,130,23,136,60,012345
41,130,22,140,60,012345
47,133,22,147,60,012345
47,128,21,153,60,012345
48,130,20,164,60,012345
48,127,20,166,60,012345
47,132,20,162,60,012345
47,131,19,160,60,012345
47,128,19,163,60,012345
52,133,18,169,60,012345
61,139,17,175,60,012345
74,144,16,174,60,012345
82,139,16,171,60,012345
83,137,15,170,60,012345
86,137,14,172,60,012345
88,135,13,172,60,012345
86,134,12,162,60,012345
77,110,10,132,60,012345
74,127,71,176,60,012345
95,138,82,192,60,012345
111,138,84,201,60,012345
116,128,81,206,60,012345
110,118,80,194,60,012345
111,132,78,195,60,012345
134,135,75,203,60,012345
121,137,75,204,60,012345
105,136,74,203,60,012345
92,120,73,190,60,012345
133,132,71,189,60,012345
142,154,70,197,60,012345
146,154,69,205,60,012345
142,142,67,211,60,012345
134,124,64,206,60,012345
122,115,63,191,60,012345
141,120,60,195,60,012345
124,124,58,189,60,012345
111,129,56,191,60,012345
96,116,90,218,60,012345
106,122,104,224,60,012345
103,134,114,235,60,012345
110,133,104,226,60,012345
115,124,93,223,60,012345
115,108,81,205,60,012345
103,96,70,178,60,012345
131,108,60,180,60,012345
117,118,53,180,60,012345
99,118,47,176,60,012345
82,116,42,165,60,012345
96,129,37,159,60,012345
136,146,34,172,60,012345
131,142,32,171,60,012345
115,168,62,197,60,012345
100,153,68,198,60,012345
97,133,71,199,60,012345
129,139,72,207,60,012345
100,123,75,195,60,012345
82,129,105,203,60,012345
83,154,99,207,60,012345
84,163,94,207,60,012345
82,156,121,229,60,012345
77,148,117,221,60,012345
72,142,106,214,60,012345
78,144,94,201,60,012345
72,141,86,194,60,012345
68,170,85,196,60,012345
62,177,85,199,60,012345
56,171,81,196,60,012345
55,171,77,192,60,012345
53,161,71,184,60,012345
104,173,67,186,60,012345
101,166,64,182,60,012345
89,154,61,173,60,012345
82,142,59,168,60,012345
80,127,57,160,60,012345
73,135,61,157,60,012345
59,136,61,158,60,012345
55,133,61,154,60,012345
65,131,66,171,60,012345
54,112,87,197,60,012345
63,119,129,219,60,012345
52,114,122,214,60,012345
44,106,110,192,60,012345
37,89,96,167,60,012345
33,75,83,143,60,012345
32,71,75,132,60,012345
32,79,67,129,60,012345
31,81,62,124,60,012345
38,88,57,126,60,012345
35,84,53,125,60,012345
74,104,52,134,60,012345
98,142,50,151,60,012345
89,152,48,171,60,012345
75,146,74,197,60,012345
63,138,69,207,60,012345
56,133,66,213,60,012345
50,138,65,209,60,012345
44,133,63,188,60,012345
50,158,87,197,60,012345
53,161,84,201,60,012345
64,174,83,208,60,012345
63,164,103,228,60,012345
62,155,104,222,60,012345
62,142,98,210,60,012345
66,128,90,197,60,012345
67,115,84,185,60,012345
56,123,80,179,60,012345
47,120,78,173,60,012345
41,113,74,164,60,012345
35,101,71,152,60,012345
31,91,67,144,60,012345
87,130,66,163,60,012345
96,147,66,173,60,012345
89,145,62,177,60,012345
80,140,59,179,60,012345
74,136,57,180,60,012345
69,148,56,179,60,012345
60,147,56,171,60,012345
61,148,56,164,60,012345
79,159,82,193,60,012345
72,146,90,208,60,012345
70,150,131,234,60,012345
65,146,124,228,60,012345
67,134,111,216,60,012345
67,118,95,193,60,012345
65,105,80,164,60,012345
79,132,72,165,60,012345
69,140,66,169,60,012345
59,139,60,163,60,012345
57,140,55,161,60,012345
52,134,50,160,60,012345
103,149,46,167,60,012345
109,146,41,160,60,012345
91,130,38,153,60,012345
94,128,57,170,60,012345
84,124,59,169,60,012345
74,124,59,169,60,012345
66,132,58,170,60,012345
60,128,59,164,60,012345
61,134,71,170,60,012345
61,130,74,168,60,012345
83,155,86,190,60,012345
78,154,104,214,60,012345
72,148,102,206,60,012345
64,144,97,200,60,012345
58,139,92,194,60,012345
51,135,89,196,60,012345
47,150,86,204,60,012345
42,153,84,207,60,012345
38,148,82,206,60,012345
34,139,80,197,60,012345
48,128,80,185,60,012345
93,134,80,182,60,012345
83,125,80,173,60,012345
66,110,80,161,60,012345
52,95,78,149,60,012345
42,82,75,138,60,012345
34,94,73,140,60,012345
27,93,70,136,60,012345
22,83,67,127,60,012345
35,89,114,175,60,012345
38,96,113,185,60,012345
36,108,146,214,60,012345
31,117,132,215,60,012345
26,115,116,207,60,012345
23,111,100,195,60,012345
20,106,88,189,60,012345
18,124,80,189,60,012345
17,127,75,183,60,012345
16,126,68,183,60,012345
15,122,63,180,60,012345
14,112,59,173,60,012345
75,137,57,183,60,012345
72,144,55,184,60,012345
65,164,51,192,60,012345
63,151,59,193,60,012345
71,135,60,191,60,012345
75,142,62,196,60,012345
75,146,62,197,60,012345
65,150,61,202,60,012345
56,152,77,211,60,012345
50,146,77,201,60,012345
62,156,107,220,60,012345
74,161,103,223,60,012345
85,152,94,214,60,012345
88,140,87,201,60,012345
70,123,78,175,60,012345
57,117,72,166,60,012345
64,126,68,170,60,012345
75,125,65,170,60,012345
69,124,61,166,60,012345
62,115,60,158,60,012345
94,126,57,160,60,012345
129,145,54,172,60,012345
132,134,52,175,60,012345
125,121,52,169,60,012345
99,101,52,152,60,012345
82,91,52,142,60,012345
85,106,51,151,60,012345
90,101,52,152,60,012345
84,106,51,154,60,012345
76,104,102,195,60,012345
73,101,102,194,60,012345
77,116,116,216,60,012345
86,113,107,211,60,012345
96,104,96,197,60,012345
77,87,86,168,60,012345
64,77,73,144,60,012345
58,99,67,147,60,012345
79,99,61,148,60,012345
91,94,55,146,60,012345
81,97,49,141,60,012345
72,96,43,142,60,012345
114,121,72,178,60,012345
107,129,74,192,60,012345
93,126,77,195,60,012345
84,125,80,197,60,012345
77,119,80,199,60,012345
63,132,80,194,60,012345
50,123,78,187,60,012345
51,123,85,194,60,012345
51,141,85,196,60,012345
53,148,81,198,60,012345
60,148,125,225,60,012345
59,141,124,221,60,012345
60,137,115,212,60,012345
59,130,103,200,60,012345
57,127,94,195,60,012345
59,134,88,187,60,012345
73,136,83,185,60,012345
82,133,80,186,60,012345
86,125,76,188,60,012345
92,117,71,186,60,012345
132,134,70,184,60,012345
126,129,68,175,60,012345
105,114,66,159,60,012345
83,97,63,145,60,012345
67,84,60,134,60,012345
55,77,59,131,60,012345
45,83,58,132,60,012345
38,83,58,130,60,012345
32,77,56,126,60,012345
28,68,105,175,60,012345
48,84,107,194,60,012345
40,87,117,209,60,012345
33,85,107,194,60,012345
27,75,96,171,60,012345
22,65,84,147,60,012345
24,57,74,129,60,012345
28,68,68,129,60,012345
26,67,62,121,60,012345
41,91,59,124,60,012345
34,87,55,124,60,012345
41,86,51,129,60,012345
91,122,50,144,60,012345
88,135,47,155,60,012345
74,154,82,184,60,012345
63,144,76,189,60,012345
55,138,71,193,60,012345
49,148,69,200,60,012345
39,132,66,186,60,012345
33,132,78,190,60,012345
45,156,78,205,60,012345
50,162,76,210,60,012345
53,155,112,232,60,012345
55,157,111,230,60,012345
51,148,105,213,60,012345
52,133,97,190,60,012345
42,114,87,169,60,012345
47,135,80,168,60,012345
51,130,77,165,60,012345
55,117,74,159,60,012345
56,112,72,152,60,012345
61,107,70,150,60,012345
110,128,68,158,60,012345
114,130,65,162,60,012345
103,119,64,156,60,012345
93,108,61,152,60,012345
92,95,58,144,60,012345
93,95,58,142,60,012345
83,104,57,147,60,012345
67,92,55,138,60,012345
75,91,54,149,60,012345
74,92,87,192,60,012345
88,110,112,211,60,012345
79,116,112,214,60,012345
67,120,104,204,60,012345
59,114,91,182,60,012345
56,95,79,155,60,012345
81,83,72,144,60,012345
79,102,65,147,60,012345
71,101,58,138,60,012345
66,97,54,128,60,012345
58,102,47,133,60,012345
89,117,43,140,60,012345
113,131,42,145,60,012345
101,130,41,141,60,012345
86,132,38,138,60,012345
77,130,34,145,60,012345
68,124,30,147,60,012345
61,132,28,156,60,012345
56,133,26,162,60,012345
50,145,23,167,60,012345
41,133,20,153,60,012345
37,117,18,138,60,012345
43,130,15,145,60,012345
43,125,13,144,60,012345
41,123,11,143,60,012345
40,120,9,145,60,012345
39,116,8,144,60,012345
41,113,7,142,60,012345
47,102,6,139,60,012345
58,90,5,135,60,012345
52,84,4,117,60,012345
44,73,4,97,60,012345
47,69,3,83,60,012345
42,60,3,70,60,012345
36,52,2,59,60,012345
34,46,2,50,60,012345
34,41,2,44,60,012345
32,37,2,39,60,012345
47,35,2,41,60,012345
80,33,1,51,60,012345
72,52,1,72,60,012345
62,61,1,85,60,012345
56,68,1,95,60,012345
51,74,1,105,60,012345
48,80,1,113,60,012345
46,85,1,118,60,012345
48,85,1,115,60,012345
45,74,1,95,60,012345
43,65,1,79,60,012345
42,56,1,67,60,012345
41,51,1,58,60,012345
61,48,1,58,60,012345
73,51,1,63,60,012345
74,70,1,87,60,012345
73,79,1,100,60,012345
75,83,1,111,60,012345
79,81,1,112,60,012345
81,72,1,100,60,012345
84,62,1,87,60,012345
88,56,1,79,60,012345
88,51,1,71,60,012345
82,48,4,68,60,012345
104,78,21,111,60,012345
118,97,60,158,60,012345
118,98,73,172,60,012345
113,99,78,172,60,012345
98,95,78,160,60,012345
97,88,77,157,60,012345
91,112,86,171,60,012345
80,117,93,186,60,012345
72,108,94,179,60,012345
80,127,104,193,60,012345
92,122,107,200,60,012345
129,124,126,224,60,012345
135,121,121,222,60,012345
123,111,114,210,60,012345
104,121,113,197,60,012345
97,104,106,176,60,012345
96,127,106,183,60,012345
85,129,105,191,60,012345
72,116,104,182,60,012345
77,134,111,186,60,012345
86,122,105,180,60,012345
89,112,142,215,60,012345
101,115,141,217,60,012345
95,110,127,205,60,012345
79,102,115,185,60,012345
75,85,102,160,60,012345
78,105,113,176,60,012345
74,110,115,185,60,012345
69,114,111,183,60,012345
67,132,107,189,60,012345
76,123,109,198,60,012345
117,146,128,218,60,012345
111,152,135,224,60,012345
95,142,126,218,60,012345
82,141,114,211,60,012345
71,143,109,208,60,012345
80,171,103,214,60,012345
72,168,107,219,60,012345
60,165,106,212,60,012345
52,165,108,209,60,012345
46,159,111,210,60,012345
67,176,127,234,60,012345
57,168,127,238,60,012345
51,156,122,222,60,012345
46,141,111,202,60,012345
41,130,106,187,60,012345
48,133,102,184,60,012345
43,127,106,176,60,012345
38,111,98,159,60,012345
35,97,91,146,60,012345
31,82,82,129,60,012345
66,95,77,146,60,012345
90,95,99,172,60,012345
79,80,100,166,60,012345
62,65,92,148,60,012345
50,76,97,145,60,012345
44,71,95,145,60,012345
42,72,99,148,60,012345
34,65,95,144,60,012345
27,54,90,133,60,012345
23,68,91,131,60,012345
24,64,87,125,60,012345
23,55,128,174,60,012345
21,47,118,166,60,012345
22,41,109,151,60,012345
24,39,102,135,60,012345
29,37,93,121,60,012345
44,51,96,137,60,012345
47,56,96,143,60,012345
42,69,93,146,60,012345
40,95,88,150,60,012345
36,80,82,139,60,012345
80,90,124,181,60,012345
90,101,119,185,60,012345
83,98,109,180,60,012345
73,105,98,173,60,012345
65,109,95,171,60,012345
70,113,102,178,60,012345
69,100,98,168,60,012345
68,84,91,153,60,012345
76,86,88,155,60,012345
80,82,83,155,60,012345
103,96,126,195,60,012345
104,92,133,203,60,012345
97,87,124,191,60,012345
79,78,111,169,60,012345
65,68,98,148,60,012345
87,101,101,161,60,012345
98,106,102,177,60,012345
92,103,98,178,60,012345
82,109,100,179,60,012345
96,114,100,183,60,012345
129,129,110,199,60,012345
129,132,122,212,60,012345
118,122,118,209,60,012345
98,105,111,191,60,012345
93,103,112,185,60,012345
93,112,106,180,60,012345
105,112,103,182,60,012345
96,111,98,179,60,012345
85,108,95,176,60,012345
75,119,102,178,60,012345
86,134,99,196,60,012345
72,122,118,220,60,012345
59,101,119,203,60,012345
49,83,111,179,60,012345
68,84,104,178,60,012345
91,82,97,182,60,012345
88,86,101,186,60,012345
74,85,101,181,60,012345
85,76,99,173,60,012345
89,99,104,185,60,012345
77,94,103,187,60,012345
118,106,124,213,60,012345
117,109,117,210,60,012345
103,109,111,202,60,012345
86,117,113,197,60,012345
75,117,114,189,60,012345
74,127,111,187,60,012345
99,123,106,185,60,012345
105,112,102,190,60,012345
101,104,100,184,60,012345
83,86,93,163,60,012345
79,102,134,202,60,012345
68,107,131,206,60,012345
60,109,118,200,60,012345
53,111,107,195,60,012345
50,115,97,191,60,012345
58,129,102,194,60,012345
55,137,99,196,60,012345
53,137,96,197,60,012345
49,132,90,193,60,012345
44,127,79,186,60,012345
91,140,114,208,60,012345
93,130,113,203,60,012345
78,113,103,183,60,012345
64,94,91,158,60,012345
51,86,87,147,60,012345
58,95,98,154,60,012345
52,90,102,162,60,012345
43,80,102,162,60,012345
34,68,96,151,60,012345
28,68,93,141,60,012345
55,95,113,176,60,012345
63,93,122,196,60,012345
62,90,116,192,60,012345
63,85,106,181,60,012345
67,78,98,168,60,012345
73,89,99,165,60,012345
63,85,99,167,60,012345
51,76,97,159,60,012345
42,63,91,145,60,012345
46,54,81,132,60,012345
75,67,74,146,60,012345
104,84,96,180,60,012345
95,91,98,184,60,012345
82,89,92,177,60,012345
83,98,90,176,60,012345
72,90,83,171,60,012345
64,93,82,168,60,012345
55,85,80,154,60,012345
48,75,74,137,60,012345
38,66,71,125,60,012345
35,71,65,134,60,012345
39,89,111,180,60,012345
37,93,116,185,60,012345
35,94,112,183,60,012345
30,83,102,165,60,012345
33,68,96,146,60,012345
42,93,101,169,60,012345
40,101,104,188,60,012345
39,101,102,188,60,012345
50,126,107,196,60,012345
66,121,109,204,60,012345
111,131,136,225,60,012345
105,128,128,215,60,012345
90,119,118,203,60,012345
74,115,111,189,60,012345
63,101,108,175,60,012345
74,126,114,185,60,012345
69,126,118,199,60,012345
64,123,116,199,60,012345
65,123,115,202,60,012345
77,118,117,204,60,012345
85,126,151,230,60,012345
79,131,150,231,60,012345
68,121,134,218,60,012345
56,110,119,193,60,012345
51,92,101,161,60,012345
62,125,103,170,60,012345
63,129,103,177,60,012345
59,127,101,177,60,012345
58,134,97,182,60,012345
73,131,100,191,60,012345
118,155,109,208,60,012345
128,158,121,219,60,012345
116,143,119,212,60,012345
104,130,110,201,60,012345
97,133,109,199,60,012345
105,142,111,204,60,012345
97,148,113,213,60,012345
88,136,116,210,60,012345
81,139,117,210,60,012345
90,145,119,212,60,012345
95,148,116,220,60,012345
87,142,142,245,60,012345
88,133,132,231,60,012345
87,117,119,210,60,012345
89,105,107,197,60,012345
90,94,97,185,60,012345
88,101,96,179,60,012345
80,103,91,167,60,012345
70,93,87,155,60,012345
59,78,83,140,60,012345
51,64,79,138,60,012345
95,79,110,178,60,012345
83,72,108,172,60,012345
66,59,104,158,60,012345
54,71,100,146,60,012345
43,70,93,136,60,012345
46,81,98,152,60,012345
39,76,99,150,60,012345
31,65,97,144,60,012345
27,83,96,142,60,012345
22,75,88,130,60,012345
24,72,130,178,60,012345
22,61,128,171,60,012345
21,51,118,160,60,012345
22,45,105,141,60,012345
24,40,94,124,60,012345
43,64,103,141,60,012345
52,69,101,146,60,012345
52,80,98,144,60,012345
50,83,91,143,60,012345
49,79,84,137,60,012345
91,114,114,171,60,012345
100,129,114,186,60,012345
96,115,107,181,60,012345
89,104,95,172,60,012345
96,109,95,176,60,012345
99,133,101,184,60,012345
84,122,98,173,60,012345
66,104,95,159,60,012345
77,110,90,155,60,012345
77,116,82,160,60,012345
96,151,100,191,60,012345
87,150,113,213,60,012345
80,139,109,200,60,012345
66,119,98,176,60,012345
60,108,89,156,60,012345
66,123,91,162,60,012345
69,137,96,180,60,012345
61,135,98,189,60,012345
55,130,94,192,60,012345
47,130,94,191,60,012345
67,135,92,194,60,012345
104,133,103,211,60,012345
107,120,103,208,60,012345
109,106,96,195,60,012345
86,102,104,184,60,012345
80,92,102,176,60,012345
89,103,107,185,60,012345
82,109,106,184,60,012345
71,102,101,172,60,012345
59,106,101,162,60,012345
75,97,92,159,60,012345
78,100,133,199,60,012345
70,101,129,201,60,012345
61,103,116,196,60,012345
52,103,104,183,60,012345
51,105,94,173,60,012345
68,116,99,178,60,012345
69,128,98,178,60,012345
70,137,96,176,60,012345
72,163,103,190,60,012345
68,168,99,196,60,012345
108,167,124,218,60,012345
98,160,134,223,60,012345
85,152,127,217,60,012345
74,147,112,215,60,012345
66,146,105,208,60,012345
80,167,104,209,60,012345
81,162,99,202,60,012345
79,151,96,198,60,012345
72,136,96,193,60,012345
67,118,93,177,60,012345
82,127,129,208,60,012345
87,125,126,219,60,012345
79,115,117,209,60,012345
75,112,107,200,60,012345
69,105,94,187,60,012345
82,127,95,190,60,012345
80,132,93,191,60,012345
83,139,89,193,60,012345
81,129,85,190,60,012345
77,114,76,177,60,012345
119,134,84,194,60,012345
130,132,103,207,60,012345
118,120,105,194,60,012345
94,101,101,172,60,012345
76,101,102,160,60,012345
76,103,99,152,60,012345
69,101,103,154,60,012345
56,89,103,151,60,012345
46,74,99,142,60,012345
39,74,98,144,60,012345
47,78,94,152,60,012345
39,68,125,194,60,012345
33,60,120,180,60,012345
29,51,113,162,60,012345
26,45,103,143,60,012345
25,39,95,136,60,012345
31,49,96,141,60,012345
29,46,95,136,60,012345
28,41,92,129,60,012345
27,44,85,121,60,012345
47,75,80,127,60,012345
86,98,114,173,60,012345
80,104,114,183,60,012345
74,110,103,177,60,012345
70,116,104,162,60,012345
70,101,98,148,60,012345
80,121,103,163,60,012345
94,122,105,175,60,012345
98,119,105,178,60,012345
97,114,104,176,60,012345
91,116,98,167,60,012345
80,151,98,191,60,012345
72,167,99,202,60,012345
63,159,97,196,60,012345
57,154,90,193,60,012345
48,139,85,171,60,012345
44,159,75,169,60,012345
41,160,66,173,60,012345
42,151,56,164,60,012345
41,130,50,143,60,012345
33,109,45,124,60,012345
88,141,45,133,60,012345
95,142,40,142,60,012345
86,135,35,145,60,012345
72,125,31,138,60,012345
61,117,28,121,60,012345
65,151,40,143,60,012345
57,162,51,162,60,012345
53,165,56,168,60,012345
47,153,60,162,60,012345
52,134,61,150,60,012345
55,131,59,145,60,012345
69,130,54,147,60,012345
79,117,50,147,60,012345
92,109,46,147,60,012345
103,96,39,139,60,012345
89,86,33,126,60,012345
108,90,28,129,60,012345
93,93,25,124,60,012345
75,88,22,118,60,012345
62,78,21,106,60,012345
66,85,20,119,60,012345
106,123,33,146,60,012345
98,140,38,161,60,012345
81,148,44,164,60,012345
68,130,46,151,60,012345
76,123,47,148,60,012345
81,129,43,153,60,012345
67,122,38,144,60,012345
55,141,38,141,60,012345
59,154,34,151,60,012345
55,151,30,152,60,012345
52,174,42,183,60,012345
50,177,44,186,60,012345
48,175,45,185,60,012345
48,166,44,179,60,012345
49,151,39,172,60,012345
50,152,38,171,60,012345
51,140,34,160,60,012345
53,127,30,146,60,012345
55,117,25,138,60,012345
50,106,22,128,60,012345
102,129,21,138,60,012345
94,122,18,127,60,012345
78,103,15,106,60,012345
62,85,13,87,60,012345
50,70,12,71,60,012345
42,116,30,108,60,012345
35,124,36,126,60,012345
29,122,38,131,60,012345
24,114,39,127,60,012345
19,105,36,118,60,012345
19,117,34,114,60,012345
21,108,31,108,60,012345
23,91,28,94,60,012345
23,75,25,80,60,012345
25,63,22,68,60,012345
31,74,18,70,60,012345
38,76,16,74,60,012345
32,68,14,69,60,012345
25,56,13,57,60,012345
31,48,11,56,60,012345
67,89,24,92,60,012345
104,115,41,131,60,012345
109,127,47,153,60,012345
91,126,50,154,60,012345
79,144,48,157,60,012345
74,144,46,162,60,012345
67,144,39,164,60,012345
71,132,32,146,60,012345
97,151,31,151,60,012345
94,146,26,154,60,012345
93,144,24,166,60,012345
91,153,44,185,60,012345
85,155,53,188,60,012345
73,150,56,181,60,012345
63,134,55,162,60,012345
55,119,49,148,60,012345
51,133,43,157,60,012345
50,135,35,152,60,012345
42,113,28,129,60,012345
55,102,24,119,60,012345
64,95,20,120,60,012345
112,110,21,137,60,012345
111,108,18,138,60,012345
99,103,16,134,60,012345
93,109,13,129,60,012345
93,108,11,121,60,012345
81,145,34,162,60,012345
69,150,46,175,60,012345
61,147,51,175,60,012345
58,156,55,177,60,012345
52,149,55,173,60,012345
46,158,54,167,60,012345
37,138,48,149,60,012345
32,125,40,137,60,012345
51,115,33,129,60,012345
66,103,26,127,60,012345
82,110,25,135,60,012345
87,105,22,136,60,012345
90,99,18,134,60,012345
100,93,15,128,60,012345
99,89,12,130,60,012345
134,131,29,152,60,012345
130,146,37,163,60,012345
110,143,39,160,60,012345
116,148,41,167,60,012345
125,138,39,170,60,012345
130,134,38,173,60,012345
129,123,33,172,60,012345
126,110,28,168,60,012345
122,128,24,175,60,012345
109,134,21,173,60,012345
102,163,27,185,60,012345
93,171,38,197,60,012345
89,169,44,196,60,012345
84,168,46,194,60,012345
81,163,45,189,60,012345
79,151,42,182,60,012345
79,146,37,180,60,012345
75,133,30,169,60,012345
81,123,25,158,60,012345
86,108,21,146,60,012345
91,102,18,141,60,012345
132,117,17,148,60,012345
115,108,16,134,60,012345
104,90,14,114,60,012345
95,75,12,96,60,012345
78,63,10,98,60,012345
69,106,27,143,60,012345
56,118,32,153,60,012345
47,120,36,155,60,012345
40,114,40,147,60,012345
35,103,41,135,60,012345
33,106,43,133,60,012345
33,98,40,123,60,012345
32,86,35,109,60,012345
26,72,30,92,60,012345
24,61,26,78,60,012345
82,77,28,95,60,012345
88,85,24,109,60,012345
79,87,21,108,60,012345
68,73,17,92,60,012345
57,60,15,77,60,012345
106,109,27,113,60,012345
101,138,32,141,60,012345
87,151,35,158,60,012345
76,142,38,155,60,012345
61,128,38,142,60,012345
62,137,40,139,60,012345
54,145,38,143,60,012345
45,136,35,138,60,012345
39,121,28,124,60,012345
33,109,23,112,60,012345
56,146,52,147,60,012345
56,164,64,172,60,012345
51,162,66,179,60,012345
45,150,67,167,60,012345
37,132,63,149,60,012345
51,140,67,154,60,012345
60,134,66,163,60,012345
64,122,65,160,60,012345
76,109,65,155,60,012345
71,106,60,144,60,012345
98,122,55,145,60,012345
124,135,50,162,60,012345
108,131,44,164,60,012345
88,129,39,170,60,012345
70,108,34,143,60,012345
60,109,39,151,60,012345
69,132,59,176,60,012345
80,136,70,186,60,012345
93,134,79,192,60,012345
81,121,123,224,60,012345
69,109,120,213,60,012345
88,112,141,237,60,012345
84,108,125,225,60,012345
75,107,112,210,60,012345
63,96,98,182,60,012345
54,79,83,152,60,012345
56,90,72,150,60,012345
69,92,61,146,60,012345
73,93,52,140,60,012345
66,83,46,126,60,012345
59,80,40,116,60,012345
108,117,59,157,60,012345
103,131,78,186,60,012345
89,147,89,200,60,012345
78,143,92,195,60,012345
69,141,87,196,60,012345
65,161,81,201,60,012345
57,153,73,196,60,012345
51,144,65,185,60,012345
49,148,61,189,60,012345
47,140,57,184,60,012345
61,166,99,210,60,012345
58,177,100,219,60,012345
57,178,97,217,60,012345
56,173,92,211,60,012345
55,162,84,202,60,012345
56,173,78,195,60,012345
59,159,72,188,60,012345
60,143,65,177,60,012345
67,127,56,167,60,012345
79,116,49,159,60,012345
123,136,44,159,60,012345
128,140,39,155,60,012345
109,126,36,140,60,012345
87,103,32,116,60,012345
71,84,28,97,60,012345
59,120,43,128,60,012345
51,131,66,166,60,012345
42,131,75,176,60,012345
35,123,81,181,60,012345
30,110,125,215,60,012345
46,114,122,216,60,012345
40,107,137,231,60,012345
36,94,125,206,60,012345
33,81,111,179,60,012345
36,69,93,151,60,012345
41,61,77,131,60,012345
48,66,63,121,60,012345
60,73,51,112,60,012345
61,78,42,104,60,012345
49,73,35,104,60,012345
46,73,31,117,60,012345
95,105,52,158,60,012345
89,128,65,185,60,012345
81,138,76,196,60,012345
89,136,77,191,60,012345
78,134,73,187,60,012345
66,134,69,175,60,012345
54,117,63,152,60,012345
44,120,56,144,60,012345
48,128,49,162,60,012345
50,123,43,163,60,012345
54,147,42,170,60,012345
55,149,40,171,60,012345
59,150,40,170,60,012345
50,137,40,153,60,012345
41,126,41,141,60,012345
46,130,39,141,60,012345
45,124,42,137,60,012345
49,115,39,134,60,012345
50,111,43,132,60,012345
54,113,40,133,60,012345
61,112,41,134,60,012345
68,109,37,136,60,012345
71,105,37,134,60,012345
77,105,33,135,60,012345
75,105,34,127,60,012345
65,96,31,116,60,012345
69,91,32,115,60,012345
70,90,29,112,60,012345
58,84,29,105,60,012345
66,94,28,116,60,012345
65,100,27,125,60,012345
64,102,26,127,60,012345
60,103,26,126,60,012345
54,103,25,121,60,012345
49,89,24,104,60,012345
42,79,23,93,60,012345
67,83,22,96,60,012345
62,92,23,100,60,012345
56,83,22,94,60,012345
50,94,22,105,60,012345
46,101,21,113,60,012345
48,109,20,116,60,012345
44,99,19,106,60,012345
38,91,18,102,60,012345
44,105,17,120,60,012345
40,103,18,134,60,012345
43,106,17,148,60,012345
41,108,17,165,60,012345
40,108,16,173,60,012345
36,98,15,151,60,012345
29,79,14,131,60,012345
42,118,19,151,60,012345
46,135,25,157,60,012345
46,143,30,161,60,012345
48,150,33,164,60,012345
52,158,34,169,60,012345
54,164,37,172,60,012345
57,157,37,170,60,012345
64,148,36,169,60,012345
69,143,35,166,60,012345
62,138,36,161,60,012345
50,129,35,147,60,012345
42,116,34,133,60,012345
35,107,33,123,60,012345
30,99,33,116,60,012345
28,91,33,108,60,012345
25,82,31,97,60,012345
23,77,30,92,60,012345
21,75,30,89,60,012345
23,89,30,97,60,012345
26,107,28,110,60,012345
39,128,28,127,60,012345
45,130,27,135,60,012345
45,129,27,142,60,012345
46,129,25,145,60,012345
49,130,24,150,60,012345
48,129,23,154,60,012345
48,128,23,155,60,012345
49,129,23,156,60,012345
47,132,22,154,60,012345
48,131,22,154,60,012345
50,132,21,155,60,012345
57,137,20,160,60,012345
70,143,20,165,60,012345
78,140,19,165,60,012345
78,136,18,164,60,012345
80,135,18,164,60,012345
85,133,17,164,60,012345
89,130,16,161,60,012345
86,112,14,137,60,012345
83,94,12,114,60,012345
93,107,16,136,60,012345
106,124,52,178,60,012345
128,131,65,188,60,012345
130,137,68,195,60,012345
127,129,71,189,60,012345
122,121,71,182,60,012345
143,135,70,196,60,012345
131,146,67,198,60,012345
115,149,66,202,60,012345
105,133,65,188,60,012345
107,118,65,180,60,012345
144,148,63,187,60,012345
151,143,60,190,60,012345
141,137,58,189,60,012345
133,123,55,188,60,012345
115,109,54,171,60,012345
137,129,53,181,60,012345
120,137,52,183,60,012345
105,134,49,179,60,012345
113,152,84,208,60,012345
121,126,91,208,60,012345
114,129,132,232,60,012345
118,127,125,226,60,012345
115,120,111,219,60,012345
117,107,97,213,60,012345
111,96,80,185,60,012345
121,115,69,178,60,012345
126,112,61,177,60,012345
111,113,53,171,60,012345
96,113,47,167,60,012345
81,110,42,155,60,012345
124,142,43,166,60,012345
135,153,40,177,60,012345
124,148,37,182,60,012345
104,132,73,205,60,012345
94,129,75,203,60,012345
92,121,77,203,60,012345
97,125,77,201,60,012345
75,108,76,193,60,012345
76,141,91,205,60,012345
80,153,86,204,60,012345
109,172,98,219,60,012345
99,159,107,229,60,012345
91,149,100,220,60,012345
88,144,91,210,60,012345
79,138,86,200,60,012345
74,144,81,195,60,012345
67,156,80,195,60,012345
60,158,78,195,60,012345
57,155,77,192,60,012345
61,155,72,186,60,012345
77,152,68,186,60,012345
117,164,63,189,60,012345
108,163,62,187,60,012345
93,150,61,181,60,012345
81,142,58,177,60,012345
77,129,56,168,60,012345
80,129,57,166,60,012345
77,131,57,161,60,012345
62,120,57,151,60,012345
61,115,107,192,60,012345
52,102,105,188,60,012345
45,103,136,218,60,012345
38,102,125,204,60,012345
33,92,110,185,60,012345
31,79,94,159,60,012345
30,69,80,136,60,012345
33,88,75,132,60,012345
34,91,71,131,60,012345
48,112,65,132,60,012345
47,104,58,130,60,012345
44,95,55,126,60,012345
97,116,55,138,60,012345
100,140,53,150,60,012345
87,157,55,173,60,012345
76,152,57,189,60,012345
66,145,58,201,60,012345
58,156,61,210,60,012345
48,151,60,203,60,012345
40,137,60,194,60,012345
43,157,66,203,60,012345
46,170,67,210,60,012345
67,185,103,232,60,012345
63,180,108,234,60,012345
61,170,104,224,60,012345
66,152,97,210,60,012345
68,133,88,188,60,012345
61,124,81,177,60,012345
49,121,78,172,60,012345
43,114,74,165,60,012345
36,104,71,155,60,012345
30,94,69,147,60,012345
73,126,66,160,60,012345
99,153,64,170,60,012345
96,150,62,172,60,012345
86,144,59,174,60,012345
76,136,57,175,60,012345
69,129,56,175,60,012345
63,137,55,179,60,012345
56,132,56,167,60,012345
60,134,54,160,60,012345
59,133,104,200,60,012345
64,134,98,203,60,012345
61,137,112,225,60,012345
62,134,106,217,60,012345
69,125,94,203,60,012345
73,110,82,177,60,012345
73,112,70,162,60,012345
69,135,66,168,60,012345
59,141,60,169,60,012345
53,137,54,158,60,012345
52,131,49,157,60,012345
49,126,43,156,60,012345
101,144,41,160,60,012345
89,133,38,147,60,012345
85,157,56,170,60,012345
78,151,58,172,60,012345
65,140,58,170,60,012345
60,160,60,178,60,012345
53,157,59,175,60,012345
48,150,72,181,60,012345
62,146,74,179,60,012345
55,143,74,175,60,012345
55,145,117,208,60,012345
49,152,116,212,60,012345
44,146,107,205,60,012345
39,141,101,196,60,012345
36,138,93,193,60,012345
34,154,91,194,60,012345
34,156,89,193,60,012345
37,150,85,190,60,012345
44,143,83,189,60,012345
47,129,81,180,60,012345
99,150,78,186,60,012345
101,162,79,192,60,012345
85,157,79,186,60,012345
67,137,77,171,60,012345
54,113,76,155,60,012345
44,101,73,147,60,012345
37,100,70,144,60,012345
30,92,69,137,60,012345
29,83,68,131,60,012345
32,79,110,178,60,012345
55,104,113,197,60,012345
46,123,128,220,60,012345
37,125,119,215,60,012345
31,122,109,207,60,012345
25,117,97,201,60,012345
21,111,87,195,60,012345
19,123,82,198,60,012345
17,129,77,203,60,012345
15,122,70,196,60,012345
13,115,65,190,60,012345
30,115,61,189,60,012345
75,133,57,193,60,012345
69,137,54,189,60,012345
57,158,83,202,60,012345
62,143,79,198,60,012345
73,129,75,195,60,012345
83,136,73,198,60,012345
78,141,70,196,60,012345
69,156,79,206,60,012345
61,153,76,196,60,012345
56,151,73,190,60,012345
55,161,104,214,60,012345
68,159,99,213,60,012345
76,149,91,204,60,012345
79,133,81,185,60,012345
62,117,73,165,60,012345
53,128,70,167,60,012345
72,129,67,171,60,012345
83,128,66,173,60,012345
74,125,64,168,60,012345
66,117,63,161,60,012345
113,142,63,170,60,012345
124,144,62,175,60,012345
120,134,59,178,60,012345
119,117,57,170,60,012345
94,99,57,156,60,012345
78,123,57,159,60,012345
91,120,55,163,60,012345
102,114,54,163,60,012345
108,120,57,177,60,012345
90,107,86,209,60,012345
90,127,114,221,60,012345
94,132,114,225,60,012345
99,122,105,215,60,012345
101,106,94,196,60,012345
80,88,81,163,60,012345
67,103,72,154,60,012345
73,115,64,153,60,012345
85,106,57,150,60,012345
92,99,53,147,60,012345
85,102,47,142,60,012345
107,140,44,162,60,012345
120,150,57,182,60,012345
111,149,63,190,60,012345
95,136,67,189,60,012345
84,127,72,192,60,012345
77,123,75,195,60,012345
62,121,73,189,60,012345
56,138,72,185,60,012345
54,155,93,193,60,012345
55,161,90,196,60,012345
66,164,87,201,60,012345
63,157,114,229,60,012345
61,151,110,224,60,012345
61,146,103,214,60,012345
58,139,98,203,60,012345
59,130,90,193,60,012345
63,132,88,188,60,012345
78,136,83,188,60,012345
81,129,78,188,60,012345
79,124,73,189,60,012345
86,116,68,183,60,012345
128,133,65,183,60,012345
110,130,63,172,60,012345
88,116,62,158,60,012345
71,100,60,145,60,012345
57,86,57,132,60,012345
47,97,61,134,60,012345
39,94,61,133,60,012345
32,92,60,133,60,012345
49,105,81,165,60,012345
40,91,93,184,60,012345
41,104,134,209,60,012345
35,101,130,201,60,012345
31,92,115,182,60,012345
29,79,100,159,60,012345
28,68,83,137,60,012345
31,88,75,131,60,012345
30,89,69,128,60,012345
47,108,64,130,60,012345
41,101,58,129,60,012345
35,96,54,130,60,012345
90,131,54,143,60,012345
99,139,53,158,60,012345
86,138,51,175,60,012345
72,135,65,191,60,012345
62,134,63,193,60,012345
59,150,62,197,60,012345
52,150,61,201,60,012345
44,144,62,190,60,012345
42,168,80,199,60,012345
46,175,75,206,60,012345
80,195,84,219,60,012345
76,183,103,235,60,012345
73,165,102,221,60,012345
62,147,97,198,60,012345
51,129,92,174,60,012345
47,113,85,159,60,012345
47,126,82,163,60,012345
50,120,78,158,60,012345
53,105,74,151,60,012345
58,103,70,149,60,012345
77,100,67,151,60,012345
121,122,66,164,60,012345
122,123,65,164,60,012345
114,113,63,160,60,012345
108,103,60,156,60,012345
101,90,58,144,60,012345
124,101,58,149,60,012345
105,106,57,149,60,012345
83,91,55,138,60,012345
87,96,103,179,60,012345
90,98,101,189,60,012345
86,110,139,218,60,012345
82,118,128,214,60,012345
71,119,112,200,60,012345
61,114,95,180,60,012345
52,95,80,151,60,012345
77,110,72,148,60,012345
76,119,65,147,60,012345
72,106,59,136,60,012345
64,112,54,131,60,012345
60,115,48,135,60,012345
109,142,45,146,60,012345
101,143,43,144,60,012345
85,134,40,137,60,012345
79,142,37,146,60,012345
68,135,33,156,60,012345
61,144,31,167,60,012345
53,149,29,180,60,012345
48,146,26,187,60,012345
44,152,23,182,60,012345
35,134,20,160,60,012345
34,126,17,148,60,012345
40,130,14,152,60,012345
37,123,12,148,60,012345
38,120,10,150,60,012345
39,120,8,150,60,012345
39,115,7,146,60,012345
42,105,6,137,60,012345
50,91,5,134,60,012345
51,82,4,120,60,012345
44,78,4,106,60,012345
38,71,3,92,60,012345
39,68,3,79,60,012345
35,60,3,68,60,012345
31,54,2,57,60,012345
29,47,2,48,60,012345
28,40,2,42,60,012345
54,38,2,46,60,012345
73,37,1,53,60,012345
80,53,2,63,60,012345
75,66,2,79,60,012345
68,74,1,94,60,012345
60,80,1,106,60,012345
56,86,1,117,60,012345
54,89,1,125,60,012345
51,93,1,129,60,012345
56,92,1,125,60,012345
59,83,1,108,60,012345
56,73,1,91,60,012345
53,64,1,76,60,012345
59,63,1,76,60,012345
70,56,1,70,60,012345
81,56,1,72,60,012345
84,76,1,95,60,012345
82,78,1,98,60,012345
82,81,1,106,60,012345
88,79,1,106,60,012345
84,70,1,93,60,012345
86,63,1,83,60,012345
90,58,1,76,60,012345
85,52,1,68,60,012345
80,50,7,69,60,012345
101,81,69,132,60,012345
108,92,86,155,60,012345
110,94,87,162,60,012345
101,98,86,165,60,012345
92,85,81,147,60,012345
93,96,92,154,60,012345
83,108,93,170,60,012345
73,108,90,175,60,012345
68,109,87,173,60,012345
73,108,91,182,60,012345
114,130,117,206,60,012345
123,132,126,216,60,012345
118,122,125,209,60,012345
103,116,115,201,60,012345
85,113,111,189,60,012345
81,107,110,184,60,012345
77,118,108,194,60,012345
66,115,104,191,60,012345
60,107,97,178,60,012345
71,112,102,185,60,012345
88,121,103,202,60,012345
86,121,122,221,60,012345
80,113,118,211,60,012345
70,108,110,195,60,012345
74,90,101,167,60,012345
65,84,88,160,60,012345
65,105,98,181,60,012345
59,109,104,189,60,012345
55,111,103,185,60,012345
68,124,114,200,60,012345
82,131,115,212,60,012345
114,141,131,231,60,012345
102,136,131,230,60,012345
85,130,120,220,60,012345
75,144,117,214,60,012345
66,144,105,208,60,012345
67,156,100,211,60,012345
59,152,99,206,60,012345
48,145,98,192,60,012345
48,160,97,189,60,012345
41,150,94,186,60,012345
40,147,134,219,60,012345
37,144,134,215,60,012345
34,133,122,200,60,012345
31,123,108,186,60,012345
27,114,98,173,60,012345
36,123,98,174,60,012345
32,111,95,163,60,012345
29,97,91,150,60,012345
26,86,84,136,60,012345
23,73,78,121,60,012345
73,98,112,152,60,012345
70,87,112,160,60,012345
58,72,104,149,60,012345
46,59,91,136,60,012345
37,62,93,134,60,012345
48,80,103,146,60,012345
42,75,103,147,60,012345
33,66,102,147,60,012345
26,57,98,144,60,012345
21,63,96,139,60,012345
39,86,115,175,60,012345
35,73,122,193,60,012345
32,61,115,178,60,012345
31,53,106,158,60,012345
33,47,95,138,60,012345
44,67,97,142,60,012345
44,67,96,144,60,012345
36,71,95,145,60,012345
31,88,93,146,60,012345
28,72,86,136,60,012345
60,96,85,160,60,012345
94,111,106,188,60,012345
88,108,108,189,60,012345
71,104,98,173,60,012345
63,119,103,172,60,012345
63,126,98,178,60,012345
61,136,96,186,60,012345
60,116,92,171,60,012345
61,97,88,157,60,012345
74,95,81,155,60,012345
84,93,76,161,60,012345
101,97,114,201,60,012345
102,95,115,199,60,012345
107,90,111,192,60,012345
92,97,101,172,60,012345
91,108,96,170,60,012345
108,127,102,186,60,012345
98,122,99,185,60,012345
89,112,96,176,60,012345
90,119,100,182,60,012345
75,111,100,178,60,012345
120,125,124,206,60,012345
109,124,128,208,60,012345
96,117,116,195,60,012345
86,112,107,179,60,012345
84,108,102,169,60,012345
101,118,108,181,60,012345
97,116,106,183,60,012345
86,111,104,180,60,012345
72,109,103,178,60,012345
69,115,103,178,60,012345
75,133,141,213,60,012345
60,108,134,206,60,012345
49,89,126,187,60,012345
61,95,117,181,60,012345
81,92,104,179,60,012345
103,106,104,184,60,012345
87,102,103,181,60,012345
85,89,102,172,60,012345
85,99,97,176,60,012345
75,108,98,177,60,012345
115,135,112,197,60,012345
128,135,112,205,60,012345
116,130,110,204,60,012345
96,123,101,199,60,012345
81,125,95,188,60,012345
76,125,97,187,60,012345
78,129,101,192,60,012345
102,118,100,191,60,012345
103,105,100,189,60,012345
85,98,100,179,60,012345
92,103,96,182,60,012345
81,113,114,213,60,012345
70,114,113,210,60,012345
61,113,104,200,60,012345
55,113,96,191,60,012345
53,119,87,187,60,012345
54,128,91,192,60,012345
54,135,97,197,60,012345
52,134,95,197,60,012345
49,129,88,194,60,012345
50,127,80,196,60,012345
89,132,108,217,60,012345
89,122,107,205,60,012345
76,105,101,180,60,012345
65,104,101,165,60,012345
52,90,93,145,60,012345
55,94,97,150,60,012345
47,86,93,142,60,012345
40,75,92,133,60,012345
34,81,96,132,60,012345
27,76,100,133,60,012345
39,83,139,179,60,012345
52,87,131,184,60,012345
55,88,121,182,60,012345
65,86,112,173,60,012345
73,81,104,160,60,012345
73,92,102,162,60,012345
60,83,97,152,60,012345
48,72,92,141,60,012345
40,65,86,131,60,012345
44,54,79,120,60,012345
92,77,118,162,60,012345
100,104,121,182,60,012345
87,101,112,177,60,012345
80,97,101,175,60,012345
79,105,98,172,60,012345
80,122,100,173,60,012345
67,111,102,171,60,012345
56,95,102,166,60,012345
46,82,102,162,60,012345
37,70,97,150,60,012345
55,105,118,188,60,012345
53,111,123,205,60,012345
46,109,118,200,60,012345
39,104,109,190,60,012345
37,85,99,165,60,012345
46,91,103,167,60,012345
45,104,97,179,60,012345
41,110,94,195,60,012345
36,99,91,180,60,012345
46,112,95,189,60,012345
71,127,98,196,60,012345
96,131,113,215,60,012345
86,130,114,214,60,012345
73,119,107,196,60,012345
62,114,105,182,60,012345
55,100,102,174,60,012345
56,115,96,182,60,012345
53,117,93,189,60,012345
48,107,91,181,60,012345
56,116,99,190,60,012345
61,113,101,187,60,012345
56,117,139,220,60,012345
49,116,128,216,60,012345
44,111,118,202,60,012345
38,93,104,172,60,012345
34,78,90,148,60,012345
45,107,100,173,60,012345
45,110,104,183,60,012345
39,102,102,178,60,012345
56,122,105,189,60,012345
73,124,108,198,60,012345
112,134,131,219,60,012345
101,136,133,221,60,012345
84,129,125,215,60,012345
74,146,115,209,60,012345
63,146,107,206,60,012345
71,169,106,212,60,012345
65,167,107,208,60,012345
53,162,105,196,60,012345
50,172,100,192,60,012345
44,162,96,190,60,012345
56,172,135,222,60,012345
47,161,131,223,60,012345
40,146,121,207,60,012345
34,133,109,191,60,012345
29,121,97,174,60,012345
40,135,99,174,60,012345
39,130,98,170,60,012345
36,117,93,157,60,012345
32,99,90,145,60,012345
27,82,85,131,60,012345
77,110,95,152,60,012345
91,101,111,171,60,012345
78,85,111,164,60,012345
61,69,104,148,60,012345
49,70,105,144,60,012345
50,70,101,145,60,012345
46,74,107,155,60,012345
36,68,103,147,60,012345
28,58,98,141,60,012345
24,69,95,141,60,012345
40,80,91,151,60,012345
34,71,117,192,60,012345
29,61,115,181,60,012345
27,53,105,162,60,012345
27,48,95,143,60,012345
30,44,91,138,60,012345
39,55,97,152,60,012345
34,55,98,152,60,012345
48,81,94,157,60,012345
39,80,89,153,60,012345
39,81,82,151,60,012345
86,100,109,184,60,012345
85,101,108,185,60,012345
73,89,97,173,60,012345
74,97,99,167,60,012345
69,110,91,166,60,012345
72,132,90,184,60,012345
62,133,93,180,60,012345
53,115,91,171,60,012345
56,121,85,175,60,012345
50,116,79,171,60,012345
51,125,123,208,60,012345
48,124,121,205,60,012345
42,108,113,187,60,012345
42,111,101,170,60,012345
39,109,91,154,60,012345
60,145,95,171,60,012345
55,151,89,184,60,012345
48,144,89,188,60,012345
46,155,93,189,60,012345
39,143,91,177,60,012345
90,162,123,203,60,012345
99,151,120,207,60,012345
98,131,112,196,60,012345
92,114,105,182,60,012345
73,105,97,162,60,012345
95,112,98,161,60,012345
94,113,98,162,60,012345
82,112,92,158,60,012345
67,104,90,155,60,012345
55,96,89,148,60,012345
69,118,100,177,60,012345
73,115,109,199,60,012345
65,111,112,196,60,012345
58,110,104,190,60,012345
51,109,98,178,60,012345
62,116,95,179,60,012345
69,120,95,181,60,012345
67,137,99,183,60,012345
67,156,96,183,60,012345
59,167,101,205,60,012345
75,174,102,215,60,012345
101,169,117,229,60,012345
90,158,115,228,60,012345
76,153,106,222,60,012345
66,154,110,222,60,012345
62,156,105,218,60,012345
65,158,108,219,60,012345
67,155,106,214,60,012345
60,144,102,207,60,012345
54,128,98,193,60,012345
44,105,93,178,60,012345
56,106,133,213,60,012345
57,107,123,207,60,012345
60,106,118,197,60,012345
60,103,103,185,60,012345
60,104,92,171,60,012345
71,125,93,180,60,012345
76,122,91,175,60,012345
71,114,88,173,60,012345
66,108,84,169,60,012345
62,101,77,164,60,012345
107,112,121,201,60,012345
100,106,116,193,60,012345
85,90,106,173,60,012345
68,82,96,155,60,012345
55,80,94,146,60,012345
63,91,105,155,60,012345
59,85,105,154,60,012345
52,76,101,144,60,012345
41,70,98,143,60,012345
33,66,97,138,60,012345
53,88,133,180,60,012345
73,102,130,198,60,012345
72,100,123,193,60,012345
81,98,110,184,60,012345
79,88,99,173,60,012345
96,103,96,176,60,012345
79,96,99,171,60,012345
64,83,96,159,60,012345
52,70,91,148,60,012345
54,60,84,135,60,012345
90,78,78,142,60,012345
114,104,78,158,60,012345
106,100,77,156,60,012345
106,95,71,152,60,012345
102,96,74,152,60,012345
89,109,69,156,60,012345
80,104,77,154,60,012345
69,93,81,146,60,012345
56,79,81,137,60,012345
45,69,79,131,60,012345
65,84,79,154,60,012345
90,108,103,193,60,012345
97,118,106,198,60,012345
95,120,100,194,60,012345
86,110,94,175,60,012345
80,97,87,164,60,012345
83,137,86,186,60,012345
76,147,84,197,60,012345
68,138,85,190,60,012345
80,146,90,197,60,012345
94,139,90,207,60,012345
131,138,117,228,60,012345
129,137,115,224,60,012345
119,143,111,216,60,012345
102,152,111,206,60,012345
90,135,111,189,60,012345
89,161,110,197,60,012345
80,171,103,207,60,012345
70,163,96,203,60,012345
67,172,92,195,60,012345
79,155,90,196,60,012345
75,150,131,227,60,012345
79,148,130,225,60,012345
73,137,120,209,60,012345
61,126,110,189,60,012345
66,104,97,160,60,012345
74,131,104,167,60,012345
71,145,103,180,60,012345
64,143,98,179,60,012345
63,142,94,177,60,012345
75,134,96,181,60,012345
117,162,123,205,60,012345
120,162,124,215,60,012345
105,155,120,211,60,012345
92,148,110,203,60,012345
80,150,108,201,60,012345
85,175,111,212,60,012345
75,184,105,216,60,012345
62,176,101,200,60,012345
55,187,93,196,60,012345
53,190,92,199,60,012345
66,203,97,213,60,012345
60,192,117,233,60,012345
55,178,116,221,60,012345
49,163,109,206,60,012345
43,148,101,193,60,012345
47,144,93,188,60,012345
50,170,92,197,60,012345
52,184,92,208,60,012345
45,178,85,206,60,012345
40,167,78,188,60,012345
53,154,71,183,60,012345
87,172,96,208,60,012345
79,170,102,211,60,012345
67,161,99,204,60,012345
58,155,95,192,60,012345
51,141,89,178,60,012345
59,169,92,193,60,012345
56,175,96,205,60,012345
51,173,94,204,60,012345
42,167,95,192,60,012345
35,155,93,176,60,012345
39,170,123,210,60,012345
37,170,116,211,60,012345
34,163,108,205,60,012345
31,151,97,190,60,012345
25,128,88,165,60,012345
37,148,92,174,60,012345
38,157,95,178,60,012345
41,174,90,177,60,012345
35,171,84,172,60,012345
29,141,77,150,60,012345
84,150,118,182,60,012345
90,150,122,191,60,012345
81,144,113,190,60,012345
66,135,108,175,60,012345
60,134,99,170,60,012345
76,157,104,183,60,012345
69,170,104,190,60,012345
63,148,95,173,60,012345
65,157,94,175,60,012345
79,158,90,181,60,012345
110,172,110,209,60,012345
113,164,113,217,60,012345
116,150,112,211,60,012345
110,135,103,193,60,012345
104,135,93,177,60,012345
118,153,108,187,60,012345
111,159,107,197,60,012345
103,157,105,199,60,012345
89,146,104,196,60,012345
91,138,104,201,60,012345
118,155,101,206,60,012345
131,169,112,221,60,012345
121,160,109,215,60,012345
115,146,102,199,60,012345
101,138,108,191,60,012345
90,128,107,189,60,012345
105,141,106,200,60,012345
95,139,98,195,60,012345
85,128,91,182,60,012345
76,134,92,179,60,012345
79,135,85,179,60,012345
71,141,116,214,60,012345
58,129,117,203,60,012345
48,114,110,188,60,012345
69,113,105,191,60,012345
80,104,94,186,60,012345
98,120,102,198,60,012345
83,122,106,196,60,012345
81,109,104,185,60,012345
84,130,113,195,60,012345
68,119,113,193,60,012345
115,128,134,216,60,012345
107,136,135,217,60,012345
93,134,125,211,60,012345
79,144,126,208,60,012345
67,137,118,193,60,012345
71,160,114,199,60,012345
81,159,113,201,60,012345
93,146,110,201,60,012345
100,153,102,204,60,012345
83,147,97,195,60,012345
80,146,136,223,60,012345
78,152,135,225,60,012345
68,149,129,218,60,012345
60,145,113,209,60,012345
54,143,102,201,60,012345
63,163,106,207,60,012345
60,177,107,217,60,012345
57,177,103,220,60,012345
54,171,102,217,60,012345
49,160,98,211,60,012345
91,180,113,224,60,012345
98,177,116,226,60,012345
88,164,110,211,60,012345
73,141,100,187,60,012345
58,125,99,172,60,012345
60,120,99,169,60,012345
56,127,93,170,60,012345
47,122,90,163,60,012345
38,107,88,156,60,012345
32,103,92,151,60,012345
53,116,95,167,60,012345
60,131,116,197,60,012345
57,131,114,193,60,012345
59,124,107,187,60,012345
61,110,98,169,60,012345
61,103,91,165,60,012345
57,113,97,172,60,012345
48,113,97,168,60,012345
40,101,91,155,60,012345
37,88,82,140,60,012345
64,81,72,141,60,012345
98,101,94,176,60,012345
92,119,96,182,60,012345
87,118,86,178,60,012345
89,121,86,174,60,012345
92,116,83,165,60,012345
83,137,85,175,60,012345
73,131,82,168,60,012345
63,124,82,157,60,012345
51,119,78,147,60,012345
45,122,77,150,60,012345
49,139,117,188,60,012345
48,150,119,197,60,012345
45,154,114,199,60,012345
40,144,108,187,60,012345
34,124,101,168,60,012345
51,156,102,186,60,012345
50,176,103,207,60,012345
46,173,99,209,60,012345
46,180,104,208,60,012345
64,163,107,216,60,012345
104,166,143,235,60,012345
99,177,143,236,60,012345
84,167,135,229,60,012345
72,164,122,213,60,012345
60,146,111,190,60,012345
69,154,112,193,60,012345
69,169,111,207,60,012345
66,167,111,210,60,012345
58,156,107,200,60,012345
72,151,99,198,60,012345
87,165,118,215,60,012345
78,167,121,223,60,012345
66,161,118,218,60,012345
54,142,113,199,60,012345
46,120,101,172,60,012345
56,133,105,179,60,012345
57,154,106,195,60,012345
54,159,101,194,60,012345
52,153,97,186,60,012345
63,145,103,196,60,012345
102,162,103,205,60,012345
119,170,110,216,60,012345
109,170,106,215,60,012345
91,162,103,211,60,012345
78,166,107,213,60,012345
74,168,101,209,60,012345
71,183,97,213,60,012345
60,173,102,207,60,012345
56,187,107,207,60,012345
55,191,111,213,60,012345
55,186,110,218,60,012345
52,180,132,239,60,012345
48,175,126,231,60,012345
45,160,113,209,60,012345
42,147,103,190,60,012345
38,135,97,178,60,012345
43,157,95,183,60,012345
39,154,95,184,60,012345
34,142,92,174,60,012345
27,122,85,156,60,012345
24,106,80,138,60,012345
70,107,119,175,60,012345
64,107,118,175,60,012345
53,98,106,162,60,012345
44,106,106,153,60,012345
36,96,99,141,60,012345
47,117,97,148,60,012345
42,116,96,150,60,012345
33,106,95,146,60,012345
27,104,100,143,60,012345
22,98,102,143,60,012345
35,107,140,175,60,012345
34,112,134,183,60,012345
35,109,120,177,60,012345
37,98,107,163,60,012345
37,88,97,146,60,012345
49,101,105,151,60,012345
45,107,102,155,60,012345
36,102,98,155,60,012345
59,120,90,159,60,012345
48,108,83,148,60,012345
92,139,101,174,60,012345
96,158,100,189,60,012345
94,155,100,190,60,012345
77,135,95,182,60,012345
88,135,95,183,60,012345
89,152,94,192,60,012345
83,162,95,195,60,012345
66,146,91,184,60,012345
73,171,84,187,60,012345
73,184,79,193,60,012345
85,202,83,206,60,012345
76,199,109,231,60,012345
69,185,113,220,60,012345
58,162,107,197,60,012345
48,144,101,172,60,012345
51,153,96,167,60,012345
56,174,96,186,60,012345
53,180,94,194,60,012345
48,173,91,194,60,012345
43,169,93,193,60,012345
45,157,92,192,60,012345
86,158,113,216,60,012345
91,150,115,212,60,012345
93,136,110,203,60,012345
75,131,109,190,60,012345
63,119,105,174,60,012345
91,139,108,187,60,012345
84,144,108,188,60,012345
77,140,106,187,60,012345
62,135,115,187,60,012345
54,120,113,177,60,012345
68,125,149,213,60,012345
68,135,142,216,60,012345
62,134,129,210,60,012345
58,133,118,196,60,012345
57,129,106,183,60,012345
73,149,111,193,60,012345
77,162,103,191,60,012345
73,173,99,189,60,012345
83,193,100,196,60,012345
73,185,97,200,60,012345
111,188,126,220,60,012345
104,191,125,226,60,012345
93,187,116,224,60,012345
81,178,103,220,60,012345
71,168,101,209,60,012345
83,179,110,211,60,012345
86,182,104,206,60,012345
83,173,104,205,60,012345
83,175,100,207,60,012345
74,156,95,195,60,012345
100,169,106,211,60,012345
100,165,112,221,60,012345
99,154,110,213,60,012345
95,147,107,203,60,012345
92,139,96,193,60,012345
94,141,94,192,60,012345
92,155,91,197,60,012345
93,155,88,199,60,012345
90,143,85,194,60,012345
82,130,80,184,60,012345
105,142,77,189,60,012345
125,150,101,212,60,012345
114,148,102,206,60,012345
92,130,91,183,60,012345
76,124,94,164,60,012345
65,110,89,158,60,012345
62,117,90,165,60,012345
52,118,92,165,60,012345
42,105,89,154,60,012345
35,106,94,152,60,012345
37,107,92,151,60,012345
39,129,122,193,60,012345
40,139,116,200,60,012345
44,144,105,205,60,012345
42,140,96,204,60,012345
41,135,89,205,60,012345
52,155,93,219,60,012345
51,160,93,225,60,012345
47,155,92,212,60,012345
38,150,85,191,60,012345
36,137,77,171,60,012345
86,147,106,198,60,012345
83,155,110,204,60,012345
79,153,105,198,60,012345
73,158,99,196,60,012345
68,154,93,195,60,012345
77,179,99,204,60,012345
72,177,96,204,60,012345
63,170,93,200,60,012345
58,158,97,194,60,012345
46,134,95,176,60,012345
67,123,91,167,60,012345
78,125,86,173,60,012345
81,125,79,173,60,012345
80,124,76,172,60,012345
77,121,70,166,60,012345
76,120,66,163,60,012345
72,120,61,160,60,012345
65,121,57,155,60,012345
56,109,55,138,60,012345
49,101,57,126,60,012345
65,96,55,121,60,012345
67,90,49,115,60,012345
54,85,44,108,60,012345
45,80,39,101,60,012345
36,76,38,94,60,012345
30,70,35,89,60,012345
25,68,32,86,60,012345
22,67,31,84,60,012345
19,66,31,85,60,012345
17,63,31,82,60,012345
15,59,30,80,60,012345
13,60,30,79,60,012345
12,61,30,81,60,012345
11,61,29,79,60,012345
10,61,29,80,60,012345
10,63,29,82,60,012345
9,63,30,83,60,012345
9,62,30,84,60,012345
9,57,33,79,60,012345
9,55,34,78,60,012345
10,53,32,75,60,012345
39,57,30,76,60,012345
32,53,28,71,60,012345
27,48,28,65,60,012345
22,49,27,66,60,012345
19,53,26,72,60,012345
16,55,26,75,60,012345
14,53,28,74,60,012345
13,52,31,73,60,012345
11,52,29,73,60,012345
11,55,29,75,60,012345
11,61,30,78,60,012345
14,64,30,78,60,012345
14,68,30,80,60,012345
14,72,30,83,60,012345
13,69,30,81,60,012345
12,67,30,80,60,012345
12,66,33,80,60,012345
11,67,31,80,60,012345
11,67,31,79,60,012345
10,62,31,76,60,012345
43,64,31,77,60,012345
38,58,28,73,60,012345
30,57,27,73,60,012345
25,59,28,77,60,012345
21,58,31,79,60,012345
18,59,33,82,60,012345
15,55,34,80,60,012345
13,51,33,74,60,012345
11,46,31,66,60,012345
10,43,29,61,60,012345
9,43,30,62,60,012345
9,44,31,65,60,012345
8,46,31,67,60,012345
8,48,33,69,60,012345
8,45,34,69,60,012345
7,42,35,66,60,012345
7,40,32,61,60,012345
7,42,32,66,60,012345
7,43,32,71,60,012345
7,43,31,69,60,012345
16,43,30,66,60,012345
42,43,31,68,60,012345
34,40,31,64,60,012345
28,37,31,61,60,012345
23,35,31,59,60,012345
19,36,32,62,60,012345
16,37,32,64,60,012345
14,36,33,62,60,012345
12,36,31,60,60,012345
11,36,30,59,60,012345
10,39,28,62,60,012345
11,47,28,68,60,012345
15,53,28,72,60,012345
16,55,27,69,60,012345
17,55,26,68,60,012345
16,55,24,64,60,012345
15,54,27,63,60,012345
15,54,25,63,60,012345
14,53,26,63,60,012345
13,50,27,61,60,012345
12,51,29,62,60,012345
56,54,30,69,60,012345
45,50,32,68,60,012345
36,49,32,67,60,012345
30,47,33,66,60,012345
24,46,35,67,60,012345
20,45,35,67,60,012345
17,45,36,69,60,012345
15,44,35,68,60,012345
13,42,34,64,60,012345
11,40,33,61,60,012345
10,38,34,59,60,012345
9,35,35,58,60,012345
8,34,37,59,60,012345
8,33,36,57,60,012345
8,31,38,58,60,012345
8,29,37,56,60,012345
8,30,39,58,60,012345
9,30,38,57,60,012345
9,31,36,56,60,012345
9,31,35,54,60,012345
31,33,35,59,60,012345
46,33,34,58,60,012345
37,31,34,55,60,012345
30,28,33,52,60,012345
27,30,33,55,60,012345
30,61,34,72,60,012345
36,91,34,96,60,012345
32,95,33,114,60,012345
29,98,31,125,60,012345
29,101,29,133,60,012345
29,104,28,139,60,012345
30,113,29,145,60,012345
30,118,31,150,60,012345
30,120,31,146,60,012345
26,122,31,135,60,012345
22,107,32,122,60,012345
20,97,30,111,60,012345
17,84,30,95,60,012345
15,75,29,87,60,012345
13,68,30,82,60,012345
13,61,32,77,60,012345
41,59,32,78,60,012345
34,58,28,74,60,012345
28,57,25,71,60,012345
23,53,23,68,60,012345
31,96,24,89,60,012345
40,125,27,108,60,012345
38,128,29,126,60,012345
35,127,28,136,60,012345
34,127,28,142,60,012345
34,126,27,146,60,012345
31,125,26,148,60,012345
28,120,25,148,60,012345
27,120,26,147,60,012345
24,126,27,137,60,012345
20,105,29,121,60,012345
17,91,30,106,60,012345
15,79,28,92,60,012345
13,67,27,80,60,012345
11,58,28,71,60,012345
10,61,28,73,60,012345
47,97,28,95,60,012345
46,102,25,111,60,012345
42,106,25,119,60,012345
40,114,26,126,60,012345
37,114,27,126,60,012345
35,107,28,122,60,012345
31,101,30,118,60,012345
26,99,32,113,60,012345
22,87,34,102,60,012345
19,77,35,91,60,012345
47,105,47,136,60,012345
42,97,67,159,60,012345
36,87,78,155,60,012345
31,83,82,148,60,012345
27,79,83,140,60,012345
23,75,81,135,60,012345
20,71,81,135,60,012345
17,69,80,135,60,012345
16,67,78,134,60,012345
14,63,77,132,60,012345
35,67,74,133,60,012345
84,80,73,141,60,012345
76,71,74,137,60,012345
60,66,77,139,60,012345
48,63,76,138,60,012345
39,61,75,136,60,012345
32,59,74,133,60,012345
27,58,73,130,60,012345
22,54,71,124,60,012345
37,69,117,173,60,012345
31,60,117,176,60,012345
28,56,151,212,60,012345
24,52,137,194,60,012345
21,49,120,172,60,012345
18,45,105,150,60,012345
16,46,91,130,60,012345
14,47,78,119,60,012345
12,47,69,109,60,012345
11,44,65,102,60,012345
10,40,62,95,60,012345
9,38,60,92,60,012345
71,70,82,132,60,012345
68,70,85,141,60,012345
56,65,85,144,60,012345
44,60,84,149,60,012345
36,57,83,154,60,012345
29,56,82,155,60,012345
24,54,83,152,60,012345
21,54,79,155,60,012345
18,51,80,155,60,012345
15,49,76,147,60,012345
49,83,119,190,60,012345
44,78,122,202,60,012345
38,75,114,185,60,012345
32,73,105,168,60,012345
27,75,95,159,60,012345
23,73,89,151,60,012345
20,71,81,142,60,012345
18,68,75,134,60,012345
15,67,69,132,60,012345
14,67,66,129,60,012345
55,88,64,136,60,012345
84,91,64,138,60,012345
74,83,64,130,60,012345
59,77,64,126,60,012345
47,73,63,123,60,012345
38,72,59,123,60,012345
31,68,58,121,60,012345
25,60,58,115,60,012345
21,57,58,114,60,012345
21,61,107,166,60,012345
29,65,101,164,60,012345
25,59,127,202,60,012345
22,57,115,187,60,012345
19,55,105,169,60,012345
17,55,95,152,60,012345
14,55,84,144,60,012345
13,55,75,133,60,012345
11,50,68,122,60,012345
10,48,64,113,60,012345
10,47,61,108,60,012345
9,44,58,106,60,012345
71,63,56,114,60,012345
64,60,55,105,60,012345
53,79,70,126,60,012345
42,73,69,128,60,012345
35,68,67,127,60,012345
28,63,66,123,60,012345
23,60,65,121,60,012345
20,62,69,129,60,012345
17,59,69,133,60,012345
15,60,69,134,60,012345
24,70,115,180,60,012345
26,73,112,180,60,012345
25,71,103,166,60,012345
24,69,94,152,60,012345
22,67,85,140,60,012345
21,65,81,135,60,012345
19,64,76,131,60,012345
18,62,73,127,60,012345
16,62,70,121,60,012345
15,62,68,120,60,012345
75,81,66,128,60,012345
83,81,67,131,60,012345
71,79,66,126,60,012345
56,73,64,122,60,012345
45,67,64,118,60,012345
37,61,62,115,60,012345
30,57,64,114,60,012345
25,55,65,113,60,012345
23,50,64,113,60,012345
21,48,112,164,60,012345
42,64,116,186,60,012345
35,58,124,205,60,012345
29,52,116,186,60,012345
24,48,107,166,60,012345
20,44,95,144,60,012345
17,42,83,126,60,012345
14,38,74,112,60,012345
12,35,67,100,60,012345
10,33,62,91,60,012345
10,33,58,85,60,012345
24,38,54,87,60,012345
82,55,49,98,60,012345
74,50,48,89,60,012345
59,44,45,80,60,012345
46,40,43,74,60,012345
37,35,43,67,60,012345
30,31,42,63,60,012345
25,29,41,60,60,012345
24,44,40,66,60,012345
27,68,37,87,60,012345
31,100,34,106,60,012345
40,121,84,156,60,012345
43,128,91,171,60,012345
46,127,85,171,60,012345
46,126,74,167,60,012345
47,128,62,164,60,012345
44,131,52,166,60,012345
40,135,45,164,60,012345
35,136,42,152,60,012345
31,127,41,136,60,012345
29,117,39,125,60,012345
38,136,37,134,60,012345
38,137,34,138,60,012345
40,141,32,143,60,012345
42,143,31,148,60,012345
42,137,30,147,60,012345
41,138,29,154,60,012345
39,133,25,155,60,012345
40,127,21,153,60,012345
41,121,18,146,60,012345
38,105,17,128,60,012345
52,103,16,119,60,012345
70,106,14,128,60,012345
75,109,13,140,60,012345
77,108,12,144,60,012345
82,101,11,137,60,012345
101,98,10,129,60,012345
90,86,10,111,60,012345
80,77,10,95,60,012345
83,67,9,85,60,012345
99,61,8,83,60,012345
105,59,8,84,60,012345
114,71,7,100,60,012345
109,77,7,109,60,012345
112,85,6,117,60,012345
118,87,5,119,60,012345
128,86,5,118,60,012345
135,82,4,115,60,012345
140,77,3,114,60,012345
144,73,3,111,60,012345
124,66,3,96,60,012345
132,75,5,111,60,012345
136,104,47,158,60,012345
135,113,68,173,60,012345
128,127,73,179,60,012345
114,119,79,167,60,012345
105,107,80,156,60,012345
101,144,85,179,60,012345
92,151,84,190,60,012345
83,140,85,179,60,012345
91,154,95,191,60,012345
97,149,102,197,60,012345
136,150,126,221,60,012345
142,154,132,223,60,012345
131,145,120,211,60,012345
113,152,115,198,60,012345
97,136,109,180,60,012345
96,166,110,190,60,012345
88,171,115,205,60,012345
76,156,113,200,60,012345
84,165,119,207,60,012345
87,149,118,201,60,012345
88,147,151,223,60,012345
101,150,145,223,60,012345
96,142,129,211,60,012345
81,130,115,190,60,012345
70,109,103,165,60,012345
76,130,112,173,60,012345
75,144,112,186,60,012345
68,141,109,185,60,012345
76,153,102,187,60,012345
90,151,106,201,60,012345
131,175,122,219,60,012345
129,178,123,222,60,012345
112,169,114,216,60,012345
101,169,109,212,60,012345
89,165,107,206,60,012345
91,183,101,210,60,012345
83,196,95,217,60,012345
69,189,95,208,60,012345
67,202,98,205,60,012345
64,204,97,207,60,012345
78,206,102,221,60,012345
73,200,117,237,60,012345
68,198,114,230,60,012345
61,187,105,218,60,012345
54,175,95,205,60,012345
52,167,90,194,60,012345
52,180,90,199,60,012345
47,173,93,193,60,012345
42,160,87,177,60,012345
34,137,80,154,60,012345
39,120,71,148,60,012345
84,129,99,184,60,012345
75,121,102,178,60,012345
61,106,94,161,60,012345
51,106,93,150,60,012345
41,97,89,145,60,012345
47,120,97,165,60,012345
41,122,101,172,60,012345
33,113,99,172,60,012345
29,116,105,170,60,012345
23,104,104,164,60,012345
26,109,142,202,60,012345
26,111,130,199,60,012345
26,106,118,184,60,012345
27,93,106,163,60,012345
30,82,98,146,60,012345
48,106,100,155,60,012345
51,112,100,156,60,012345
42,112,96,157,60,012345
45,137,89,158,60,012345
44,118,83,145,60,012345
85,133,115,179,60,012345
103,153,119,196,60,012345
89,151,112,196,60,012345
76,137,101,183,60,012345
68,147,99,188,60,012345
74,164,98,187,60,012345
75,149,94,178,60,012345
73,126,91,163,60,012345
79,145,83,168,60,012345
94,146,80,173,60,012345
123,161,98,197,60,012345
122,149,112,209,60,012345
101,133,111,195,60,012345
83,125,106,178,60,012345
71,115,94,160,60,012345
101,143,93,171,60,012345
109,156,90,189,60,012345
108,159,88,194,60,012345
96,149,88,191,60,012345
107,143,88,194,60,012345
124,148,92,201,60,012345
139,157,107,214,60,012345
129,151,114,214,60,012345
112,137,107,196,60,012345
104,136,106,189,60,012345
88,120,97,177,60,012345
97,136,92,182,60,012345
91,141,94,184,60,012345
82,135,92,181,60,012345
75,142,97,186,60,012345
80,140,98,187,60,012345
70,139,129,216,60,012345
57,127,124,204,60,012345
47,111,115,185,60,012345
59,111,105,183,60,012345
72,105,93,178,60,012345
86,124,97,189,60,012345
75,119,101,187,60,012345
74,107,100,178,60,012345
86,127,106,186,60,012345
71,120,101,178,60,012345
117,129,125,205,60,012345
116,142,131,212,60,012345
105,143,119,206,60,012345
91,152,116,203,60,012345
80,148,110,193,60,012345
81,164,111,199,60,012345
87,163,105,195,60,012345
113,151,102,195,60,012345
117,156,96,200,60,012345
94,151,94,193,60,012345
93,152,134,221,60,012345
85,157,125,226,60,012345
75,158,118,219,60,012345
66,158,102,213,60,012345
60,154,93,203,60,012345
71,171,101,208,60,012345
68,186,98,213,60,012345
62,187,96,214,60,012345
55,177,95,213,60,012345
49,170,89,207,60,012345
92,186,99,218,60,012345
102,187,105,222,60,012345
91,175,105,209,60,012345
78,148,98,183,60,012345
63,132,95,171,60,012345
62,121,93,165,60,012345
58,130,98,175,60,012345
50,128,104,178,60,012345
43,114,103,171,60,012345
36,114,109,172,60,012345
52,119,109,178,60,012345
74,134,131,212,60,012345
81,138,125,211,60,012345
88,131,117,201,60,012345
95,121,105,186,60,012345
85,110,99,172,60,012345
75,119,99,175,60,012345
62,119,99,171,60,012345
59,115,95,164,60,012345
54,113,89,156,60,012345
78,106,82,156,60,012345
109,132,107,192,60,012345
104,145,106,197,60,012345
93,147,95,191,60,012345
91,153,93,191,60,012345
89,141,89,178,60,012345
86,158,95,193,60,012345
72,149,99,194,60,012345
62,134,95,180,60,012345
53,131,91,173,60,012345
46,127,88,168,60,012345
54,140,125,201,60,012345
59,153,129,210,60,012345
65,154,125,212,60,012345
63,141,122,200,60,012345
59,124,113,183,60,012345
73,157,111,197,60,012345
71,173,110,212,60,012345
66,169,107,217,60,012345
63,165,108,211,60,012345
78,154,107,210,60,012345
117,168,128,222,60,012345
110,179,121,222,60,012345
96,165,117,214,60,012345
82,157,112,199,60,012345
68,138,105,180,60,012345
76,150,112,185,60,012345
73,161,112,200,60,012345
68,160,111,202,60,012345
66,161,106,197,60,012345
77,152,98,194,60,012345
90,163,114,213,60,012345
81,169,121,224,60,012345
70,164,116,221,60,012345
60,152,111,203,60,012345
53,129,102,177,60,012345
55,127,93,173,60,012345
57,145,95,186,60,012345
52,150,89,188,60,012345
52,144,89,184,60,012345
69,146,96,194,60,012345
99,160,97,204,60,012345
117,176,107,218,60,012345
107,177,108,219,60,012345
93,168,102,214,60,012345
88,169,106,212,60,012345
85,166,107,213,60,012345
83,188,107,223,60,012345
70,183,101,211,60,012345
67,184,99,199,60,012345
65,186,103,203,60,012345
64,179,99,199,60,012345
66,175,132,229,60,012345
67,182,128,225,60,012345
67,182,117,217,60,012345
64,177,105,208,60,012345
61,169,98,200,60,012345
78,181,97,205,60,012345
78,171,100,199,60,012345
78,157,94,183,60,012345
67,140,86,162,60,012345
55,120,79,144,60,012345
100,129,118,182,60,012345
91,122,120,178,60,012345
74,109,112,164,60,012345
60,113,108,155,60,012345
49,103,100,143,60,012345
57,121,102,149,60,012345
50,123,97,155,60,012345
40,114,95,158,60,012345
34,117,94,154,60,012345
28,104,91,145,60,012345
44,117,131,185,60,012345
41,117,125,192,60,012345
37,113,115,180,60,012345
33,97,104,160,60,012345
32,84,96,140,60,012345
50,95,100,143,60,012345
54,106,98,152,60,012345
46,105,95,151,60,012345
61,117,90,156,60,012345
57,115,86,150,60,012345
97,141,99,173,60,012345
107,158,100,188,60,012345
105,154,98,187,60,012345
93,140,91,176,60,012345
99,148,90,179,60,012345
93,157,86,186,60,012345
83,164,87,190,60,012345
66,149,83,182,60,012345
72,167,86,180,60,012345
73,174,86,188,60,012345
85,190,81,198,60,012345
80,197,106,222,60,012345
77,183,111,213,60,012345
68,168,106,196,60,012345
57,151,101,176,60,012345
57,155,96,170,60,012345
68,180,94,186,60,012345
61,185,95,195,60,012345
53,183,91,200,60,012345
46,172,94,194,60,012345
43,156,95,190,60,012345
92,159,117,212,60,012345
103,152,109,209,60,012345
107,136,107,201,60,012345
86,128,111,183,60,012345
72,117,109,175,60,012345
100,140,106,188,60,012345
90,145,104,191,60,012345
78,135,100,183,60,012345
65,136,101,173,60,012345
55,121,93,157,60,012345
72,126,133,194,60,012345
80,132,125,197,60,012345
75,130,109,192,60,012345
70,133,98,182,60,012345
69,131,85,174,60,012345
84,148,97,180,60,012345
85,153,100,184,60,012345
75,160,97,182,60,012345
83,184,92,192,60,012345
76,181,95,201,60,012345
115,188,120,218,60,012345
110,190,119,226,60,012345
95,185,113,224,60,012345
87,175,103,217,60,012345
83,173,95,212,60,012345
88,194,95,213,60,012345
81,196,96,214,60,012345
85,189,93,207,60,012345
81,185,91,202,60,012345
79,173,88,193,60,012345
95,173,94,203,60,012345
90,168,111,220,60,012345
81,162,110,212,60,012345
79,160,106,202,60,012345
76,152,103,194,60,012345
83,148,98,193,60,012345
83,169,92,203,60,012345
87,174,91,206,60,012345
85,162,87,199,60,012345
79,150,81,189,60,012345
93,153,74,193,60,012345
114,160,89,209,60,012345
102,151,91,200,60,012345
90,135,85,180,60,012345
73,129,83,165,60,012345
61,113,78,158,60,012345
61,121,85,168,60,012345
53,115,94,172,60,012345
45,103,96,167,60,012345
39,113,105,172,60,012345
32,109,102,172,60,012345
50,120,134,208,60,012345
69,130,131,212,60,012345
83,124,117,204,60,012345
94,117,106,191,60,012345
106,105,94,175,60,012345
100,123,93,181,60,012345
84,118,93,177,60,012345
72,106,86,161,60,012345
71,110,76,151,60,012345
93,102,67,141,60,012345
126,121,111,177,60,012345
124,139,114,192,60,012345
114,134,108,187,60,012345
121,136,99,187,60,012345
117,133,97,184,60,012345
115,153,99,194,60,012345
108,148,105,201,60,012345
102,136,105,198,60,012345
94,119,106,193,60,012345
84,102,104,177,60,012345
108,129,128,200,60,012345
113,146,122,212,60,012345
115,152,117,209,60,012345
107,152,110,197,60,012345
101,134,104,175,60,012345
101,139,107,180,60,012345
93,155,110,201,60,012345
86,162,113,208,60,012345
81,158,111,203,60,012345
94,146,110,209,60,012345
124,152,112,217,60,012345
144,153,119,225,60,012345
142,148,120,220,60,012345
123,150,115,211,60,012345
102,141,108,192,60,012345
90,130,102,179,60,012345
86,158,103,198,60,012345
77,159,104,210,60,012345
65,140,98,193,60,012345
74,142,102,200,60,012345
91,145,96,205,60,012345
93,152,117,229,60,012345
101,150,111,220,60,012345
92,142,100,203,60,012345
76,125,89,175,60,012345
68,107,83,158,60,012345
71,142,91,178,60,012345
68,149,93,189,60,012345
60,134,94,184,60,012345
79,150,102,202,60,012345
91,153,105,211,60,012345
120,158,124,228,60,012345
108,163,124,226,60,012345
92,155,115,219,60,012345
87,167,113,217,60,012345
79,168,108,218,60,012345
84,190,109,226,60,012345
77,196,105,221,60,012345
65,181,105,213,60,012345
65,193,112,218,60,012345
59,194,111,219,60,012345
62,187,147,241,60,012345
61,182,141,233,60,012345
57,173,131,218,60,012345
53,161,119,203,60,012345
49,156,105,192,60,012345
61,181,110,200,60,012345
63,192,99,201,60,012345
61,197,91,203,60,012345
54,180,85,197,60,012345
47,164,81,179,60,012345
93,177,107,195,60,012345
96,180,103,201,60,012345
85,171,104,199,60,012345
73,164,96,199,60,012345
65,158,91,187,60,012345
69,164,88,188,60,012345
72,178,89,199,60,012345
63,179,89,203,60,012345
58,175,82,198,60,012345
49,170,81,186,60,012345
69,180,83,198,60,012345
66,188,96,215,60,012345
62,190,97,216,60,012345
53,174,91,204,60,012345
46,159,81,183,60,012345
45,145,79,173,60,012345
47,151,83,177,60,012345
43,145,86,173,60,012345
47,163,82,170,60,012345
45,152,82,164,60,012345
57,144,79,166,60,012345
103,149,101,193,60,012345
101,147,104,194,60,012345
86,146,101,188,60,012345
80,156,98,185,60,012345
74,155,92,183,60,012345
75,161,90,185,60,012345
73,147,91,175,60,012345
77,138,95,173,60,012345
83,145,94,177,60,012345
97,145,87,181,60,012345
106,140,123,214,60,012345
112,136,124,212,60,012345
90,124,119,194,60,012345
78,113,107,171,60,012345
65,109,94,160,60,012345
96,139,95,182,60,012345
94,152,91,195,60,012345
87,142,90,189,60,012345
96,149,97,187,60,012345
90,143,96,184,60,012345
125,153,125,204,60,012345
120,157,121,207,60,012345
114,144,117,200,60,012345
101,135,112,188,60,012345
93,126,108,181,60,012345
112,150,112,189,60,012345
109,160,104,195,60,012345
96,148,99,188,60,012345
86,139,95,184,60,012345
81,146,95,186,60,012345
96,165,120,217,60,012345
78,150,120,219,60,012345
63,134,115,204,60,012345
65,129,109,190,60,012345
84,123,95,183,60,012345
111,127,98,190,60,012345
96,132,101,192,60,012345
78,122,101,182,60,012345
94,120,95,180,60,012345
90,131,101,192,60,012345
120,145,104,203,60,012345
139,158,112,217,60,012345
130,162,113,217,60,012345
111,155,105,209,60,012345
95,156,103,204,60,012345
83,147,104,198,60,012345
85,162,103,203,60,012345
108,161,101,201,60,012345
119,162,99,202,60,012345
106,168,93,201,60,012345
95,160,91,196,60,012345
83,165,119,226,60,012345
73,163,115,223,60,012345
63,158,111,216,60,012345
55,153,106,205,60,012345
53,149,98,200,60,012345
56,163,105,207,60,012345
55,179,104,210,60,012345
54,178,97,208,60,012345
50,173,87,203,60,012345
48,168,78,201,60,012345
94,171,104,224,60,012345
90,167,106,216,60,012345
80,154,101,196,60,012345
66,147,99,177,60,012345
54,129,88,155,60,012345
61,141,100,167,60,012345
55,139,104,170,60,012345
47,125,103,167,60,012345
41,118,98,169,60,012345
35,112,105,169,60,012345
59,126,134,201,60,012345
67,137,133,209,60,012345
68,132,121,202,60,012345
77,126,109,195,60,012345
70,112,98,174,60,012345
76,125,104,176,60,012345
68,126,100,175,60,012345
56,120,97,168,60,012345
59,120,92,159,60,012345
79,112,86,152,60,012345
119,139,107,176,60,012345
133,159,114,197,60,012345
120,159,110,196,60,012345
120,155,101,189,60,012345
106,143,97,176,60,012345
99,149,95,174,60,012345
86,145,101,181,60,012345
71,134,104,177,60,012345
60,132,112,176,60,012345
50,126,103,171,60,012345
66,144,107,183,60,012345
71,153,124,207,60,012345
76,157,121,207,60,012345
73,151,116,199,60,012345
69,132,107,181,60,012345
69,128,103,178,60,012345
71,155,101,201,60,012345
67,162,97,212,60,012345
64,159,95,205,60,012345
71,162,96,206,60,012345
82,161,93,202,60,012345
107,166,107,221,60,012345
98,164,108,217,60,012345
86,156,103,207,60,012345
73,148,106,197,60,012345
63,135,105,189,60,012345
70,165,101,202,60,012345
67,168,97,200,60,012345
65,163,93,194,60,012345
70,169,97,195,60,012345
74,154,96,188,60,012345
70,160,131,221,60,012345
65,159,129,219,60,012345
59,151,125,210,60,012345
50,129,113,188,60,012345
47,110,100,164,60,012345
59,131,112,176,60,012345
59,140,115,191,60,012345
54,138,114,196,60,012345
70,162,116,209,60,012345
83,157,117,217,60,012345
121,168,135,230,60,012345
124,173,133,229,60,012345
111,168,125,218,60,012345
108,166,116,209,60,012345
102,162,116,207,60,012345
108,184,111,210,60,012345
101,188,108,213,60,012345
91,183,102,201,60,012345
97,200,96,203,60,012345
88,197,97,202,60,012345
96,209,110,221,60,012345
91,195,119,229,60,012345
86,180,119,219,60,012345
88,169,112,209,60,012345
92,160,100,199,60,012345
101,156,101,201,60,012345
99,159,105,202,60,012345
95,153,101,193,60,012345
93,134,92,176,60,012345
74,115,81,153,60,012345
101,124,78,163,60,012345
116,125,96,181,60,012345
104,116,101,173,60,012345
85,103,95,158,60,012345
70,99,92,149,60,012345
63,95,85,147,60,012345
61,113,89,158,60,012345
51,117,86,163,60,012345
42,110,84,160,60,012345
37,112,91,165,60,012345
39,104,95,172,60,012345
38,111,125,208,60,012345
35,115,120,203,60,012345
33,106,110,187,60,012345
31,95,100,167,60,012345
32,85,93,149,60,012345
45,112,93,157,60,012345
50,108,89,151,60,012345
44,99,87,146,60,012345
71,125,85,156,60,012345
64,123,82,151,60,012345
99,134,115,186,60,012345
101,157,111,193,60,012345
102,149,102,189,60,012345
104,155,98,183,60,012345
104,154,93,183,60,012345
105,174,94,194,60,012345
88,161,97,187,60,012345
77,137,94,174,60,012345
79,158,89,183,60,012345
74,166,89,189,60,012345
73,180,88,199,60,012345
70,181,85,196,60,012345
64,164,78,179,60,012345
56,160,73,164,60,012345
51,149,70,150,60,012345
58,170,69,157,60,012345
54,175,63,169,60,012345
48,174,58,174,60,012345
43,163,58,163,60,012345
38,144,53,146,60,012345
42,144,56,146,60,012345
55,141,50,154,60,012345
73,132,51,157,60,012345
85,120,47,146,60,012345
66,102,42,123,60,012345
56,88,38,110,60,012345
72,96,41,119,60,012345
67,101,35,119,60,012345
63,105,35,114,60,012345
51,86,30,96,60,012345
46,75,30,89,60,012345
61,96,28,107,60,012345
70,106,28,119,60,012345
64,108,27,126,60,012345
58,108,26,125,60,012345
56,107,23,126,60,012345
61,119,25,134,60,012345
63,133,26,136,60,012345
63,143,24,136,60,012345
75,168,23,143,60,012345
67,154,22,148,60,012345
63,171,24,163,60,012345
57,171,24,171,60,012345
52,163,24,176,60,012345
48,150,22,171,60,012345
47,142,21,168,60,012345
47,154,20,163,60,012345
50,152,22,159,60,012345
61,147,20,159,60,012345
62,141,18,157,60,012345
68,132,16,147,60,012345
67,126,20,137,60,012345
72,125,24,143,60,012345
72,124,25,145,60,012345
74,122,29,146,60,012345
71,115,29,144,60,012345
70,137,30,150,60,012345
70,148,29,159,60,012345
79,147,31,162,60,012345
79,132,30,156,60,012345
76,119,28,148,60,012345
72,127,28,151,60,012345
66,135,29,156,60,012345
62,133,28,153,60,012345
52,117,27,134,60,012345
47,99,25,114,60,012345
39,94,27,108,60,012345
33,98,27,111,60,012345
30,94,26,104,60,012345
26,83,24,92,60,012345
21,69,22,77,60,012345
26,101,19,89,60,012345
37,123,16,106,60,012345
39,120,14,120,60,012345
39,120,12,132,60,012345
40,119,11,143,60,012345
39,114,9,154,60,012345
38,113,9,159,60,012345
38,108,8,161,60,012345
37,106,7,163,60,012345
38,102,6,156,60,012345
35,108,6,140,60,012345
44,118,6,141,60,012345
45,117,5,144,60,012345
51,119,5,143,60,012345
51,108,5,141,60,012345
51,103,5,139,60,012345
52,96,4,139,60,012345
53,91,4,138,60,012345
57,85,4,129,60,012345
46,70,4,104,60,012345
37,58,4,84,60,012345
60,59,4,90,60,012345
66,66,4,103,60,012345
65,71,3,109,60,012345
61,73,3,118,60,012345
60,74,3,120,60,012345
63,79,3,124,60,012345
63,80,3,126,60,012345
61,79,3,124,60,012345
58,78,3,122,60,012345
53,78,2,123,60,012345
50,77,2,115,60,012345
40,63,3,94,60,012345
36,57,3,80,60,012345
34,52,3,68,60,012345
29,43,3,55,60,012345
24,36,3,45,60,012345
20,30,2,38,60,012345
16,25,2,32,60,012345
13,21,2,26,60,012345
10,17,2,21,60,012345
9,14,2,18,60,012345
7,12,2,18,60,012345
6,10,2,18,60,012345
5,8,1,18,60,012345
4,7,1,18,60,012345
4,6,1,18,60,012345
3,5,1,18,60,012345
2,5,1,18,60,012345
2,4,1,18,60,012345
2,3,1,18,60,012345
1,3,1,18,60,012345
1,2,1,18,60,012345
1,2,1,18,60,012345
1,2,1,18,60,012345
1,2,1,18,60,012345
1,1,1,18,60,012345
1,1,1,18,60,012345
0,1,0,18,60,012345
0,1,0,18,60,012345
0,1,0,18,60,012345
0,1,0,18,60,012345
0,1,0,18,60,012345
0,0,0,18,60,012345
0,0,0,18,60,012345
0,0,0,18,60,012345
0,0,0,18,60,012345
0,0,0,18,60,012345
0,0,0,18,60,012345
0,0,0,18,60,012345
0,0,0,18,60,012345
0,0,0,18,60,012345
0,0,0,18,60,012345
0,0,0,18,60,012345
0,0,0,18,60,012345
0,0,0,18,60,012345
0,0,0,18,60,012345
0,0,0,18,60,012345
0,0,0,18,60,012345
0,0,0,18,60,012345
0,0,0,18,60,012345
0,0,0,18,60,012345
0,0,0,18,60,012345
0,0,0,18,60,012345
0,0,0,18,60,012345
0,0,0,18,60,012345
0,0,0,18,60,012345
0,0,0,18,60,012345
0,0,0,18,60,012345
0,0,0,18,60,012345
0,0,0,18,60,012345
0,0,0,18,60,012345
0,0,0,18,60,012345
0,0,0,18,60,012345
0,0,0,18,60,012345
0,0,0,18,60,012345
0,0,0,18,60,012345
0,0,0,18,60,012345
0,0,0,18,60,012345
